[[ 0.65834561  0.          0.        ]
 [ 0.          0.          0.        ]
 [ 0.          0.          0.        ]]

[[ 0.79731942  0.          0.        ]
 [ 0.          0.          0.        ]
 [ 0.          0.          0.        ]]

[[[ 0.58026836  0.85733681  0.        ]
  [ 1.85995814  0.          0.51186105]
  [ 0.          0.          0.        ]]

 [[ 0.          0.          0.        ]
  [ 0.          0.          0.        ]
  [ 0.          0.          0.        ]]

 [[ 0.          0.          0.        ]
  [ 0.          0.          0.        ]
  [ 0.          0.          0.        ]]]

-: [ 0.18840351  0.          0.        ]
Achilles: [-0.0232099  0.         0.       ]
Aller: [ 0.  0.  0.]
Balkan: [ 0.  0.  0.]
Bug: [-0.60406325  0.          0.        ]
Darwin: [ 0.          0.02831206  0.        ]
Franken: [ 0.53162428  0.          0.        ]
Job: [ 0.  0.  0.]
Johannes: [ 0.  0.  0.]
Kalmen: [ 0.  0.  0.]
Olymp: [ 0.15560023  0.          0.        ]
Po: [ 0.02328644  0.          0.        ]
Sisyphos: [ 0.  0.  0.]
Vietnam: [ 0.  0.  0.]
aal: [-0.49650572  0.          0.        ]
abbauen: [-0.68993856  0.27478149  0.        ]
abbild: [ 0.  0.  0.]
abbilden: [ 0.  0.  0.]
abbrechen: [-0.87862516  0.          0.        ]
abdecken: [-0.85200058  0.          0.        ]
abdrucken: [ 0.  0.  0.]
abenteuer: [ 0.  0.  0.]
abfallen: [-0.6496671  0.         0.       ]
abfangen: [ 0.  0.  0.]
abfließen: [ 0.  0.  0.]
abgas: [-0.77739917  0.          0.        ]
abgrund: [-0.77739917  0.          0.        ]
abhelfen: [ 0.62813591  0.          0.        ]
abhängig: [-0.53466113  0.05857197  0.        ]
abhören: [-0.79666396  0.          0.        ]
abladen: [-0.2610367  0.         0.       ]
ablaufen: [-0.85200058  0.          0.        ]
ablegen: [ 0.  0.  0.]
ablehnen: [-1.06231926  0.          0.        ]
ablenken: [-0.03210434  0.          0.        ]
abnehmen: [-0.42599965  0.          0.        ]
abnutzen: [-0.63900012  0.          0.        ]
abquetschen: [-0.60406325  0.          0.        ]
abrasiv: [-0.77739917  0.          0.        ]
abrieb: [ 0.05449018  0.          0.        ]
abrüsten: [-0.77739917  0.          0.        ]
abscheu: [-0.92157554  0.          0.        ]
abschlagen: [-0.62813591  0.          0.        ]
abschließen: [-0.11837971  0.          0.        ]
abschneiden: [-0.81327334  0.          0.        ]
abschrecken: [-0.58001748  0.          0.        ]
abschreiben: [ 0.  0.  0.]
abschürfen: [-0.62813591  0.          0.        ]
absetzen: [ 0.7429796 -1.2155925  0.       ]
absicht: [ 0.  0.  0.]
abstand: [ 0.  0.  0.]
absteigen: [-0.92285121  0.          0.        ]
abstinent: [ 0.89733702  0.          0.        ]
abstürzen: [ 0.  0.  0.]
abstützen: [ 0.77739917  0.          0.        ]
abtreiben: [ 0.  0.  0.]
abträglich: [ -7.77399173e-01  -1.08299036e-04   0.00000000e+00]
abwasser: [ 0.  0.  0.]
abwechseln: [ 0.  0.  0.]
abwehr: [-0.77739917 -0.47739386  0.63120724]
abwehren: [ 0.62813591  0.          0.        ]
abweichen: [-1.27800024  0.          0.        ]
abwesend: [-0.48589076  0.          0.        ]
abwärts: [-1.27800024  0.          0.        ]
abziehen: [-0.7429796  0.         0.       ]
achse: [ 0.  0.  0.]
achsel: [ 0.  0.  0.]
acht: [ 0.  0.  0.]
achten: [ 0.62813591  0.          0.        ]
action: [ 0.         -0.49962761  0.        ]
adaptieren: [ 0.  0.  0.]
ader: [ 0.          0.13219535  0.        ]
adressieren: [ 0.  0.  0.]
affe: [-0.85200058  0.          0.        ]
affekt: [ 0.  0.  0.]
agent: [-0.16582797  0.          0.        ]
aggressiv: [-1.06528262  0.          0.        ]
agieren: [ 0.0260025   0.19527583  0.        ]
agrar: [ 0.  0.  0.]
ahnen: [ 0.7429796  0.         0.       ]
aids: [-0.89733702  0.          0.        ]
akkommodieren: [ 0.  0.  0.]
akt: [ 0.          0.09180834  0.        ]
akte: [ 0.  0.  0.]
aktiv: [ 0.58878568  0.070389    0.        ]
akzeptieren: [ 0.33208667  0.          0.        ]
alarm: [-0.63900012  0.          0.        ]
albtraum: [-1.27800024  0.          0.        ]
alkohol: [-0.70043794  0.          0.        ]
all: [ 0.29008503  0.          0.        ]
allantois: [ 0.  0.  0.]
allein: [-0.51663799  0.          0.        ]
allergie: [-0.89733702  0.          0.        ]
allgemein: [ 0.  0.  0.]
almosen: [-0.77739917  0.          0.        ]
alt: [-0.63528497  1.48544415  0.        ]
altar: [ 0.  0.  0.]
alter: [-0.68815456  0.          0.        ]
altern: [ 0.  0.  0.]
amok: [ 0.  0.  0.]
amt: [ 0.          0.04212308  0.        ]
analyse: [ 0.  0.  0.]
analysieren: [ 0.30412233  0.          0.        ]
anbeten: [ 0.77739917  0.          0.        ]
anders: [ 0.  0.  0.]
anerkennen: [ 0.66133702  0.          0.        ]
anfallen: [-0.90868065  0.          0.        ]
anfangen: [ 0.  0.  0.]
anfertigen: [-0.7429796   0.58385037  0.        ]
anfällig: [-0.81915302 -0.04086692  0.        ]
angeben: [-0.46370095  0.11374371  0.        ]
angel: [-1.14081881  0.          0.        ]
angelegenheit: [ 0.  0.  0.]
angreifen: [-0.73476521 -0.07365436  0.        ]
angst: [-0.88029239  0.          0.        ]
anheben: [-0.34560029 -0.09480949  0.        ]
anhängen: [-0.62813591  0.          0.        ]
anker: [ 0.  0.  0.]
anklagen: [-0.78854357  0.          0.        ]
anlage: [ 0.  0.  0.]
anlegen: [ 0.58090862 -0.52652362  0.        ]
annehmen: [ 0.38651539  0.          0.        ]
anpassen: [ 0.33208667  0.          0.        ]
anpressen: [ 0.  0.  0.]
anreichern: [ 0.61600888  0.          0.        ]
ansammeln: [ 0.  0.  0.]
anschlagen: [-0.77739917  0.01028588  0.        ]
ansiedeln: [ 0.  0.  0.]
ansprechen: [ 0.58090862  0.          0.        ]
anspruch: [-0.63900012  0.2537363   0.        ]
anstalt: [ 0.  0.  0.]
anstand: [ 0.18453946  0.          0.        ]
anstecken: [-0.62813591  0.          0.        ]
anstrengen: [-0.58982463  0.          0.        ]
anständig: [ 0.58683307  0.          0.        ]
anteil: [ 0.  0.  0.]
anti: [-0.7302864   0.30207746  0.        ]
antrag: [ 0.  0.  0.]
antreiben: [-0.18249572  0.          0.        ]
antreten: [ 0.  0.  0.]
anwalt: [-0.51270764  0.          0.        ]
anwenden: [ 0.7429796  0.         0.       ]
anziehen: [ 0.33208667  0.          0.        ]
apfel: [ 0.  0.  0.]
apparat: [ 0.  0.  0.]
appartement: [ 0.  0.  0.]
arbeiten: [-0.47925009  0.28620431  1.51528577]
arbeitgeber: [ 0.  0.  0.]
architekt: [ 0.17930628  0.          0.        ]
arm: [-0.82725867 -0.38034626  2.57699779]
arrest: [-0.77739917  0.          0.        ]
art: [ 0.  0.  0.]
arterie: [-0.77491928  0.          0.        ]
artig: [ 0.90560786  0.0963595   0.        ]
artikel: [ 0.  0.  0.]
artillerie: [ 0.31948473  0.          0.        ]
asbest: [ 0.  0.  0.]
asche: [ 0.  0.  0.]
ast: [ 0.  0.  0.]
asylant: [ 0.  0.  0.]
atem: [ 0.02520607 -0.2816762   0.        ]
atmen: [ 0.  0.  0.]
atom: [ 0.12204074  0.          0.        ]
attackieren: [-0.66106873 -0.15063566  0.        ]
attentat: [-0.89733702  0.          0.        ]
attrahieren: [ 0.62813591  0.          0.        ]
aufbauen: [ 0.58718871  0.12568552  0.        ]
aufbrechen: [ 0.  0.  0.]
auffassen: [ 0.  0.  0.]
auffordern: [-0.83838266  0.          0.        ]
aufgeben: [-0.76847798  0.          0.        ]
aufhalten: [-0.85200058  0.58268374  0.        ]
aufklären: [ 1.1169242  0.         0.       ]
auflager: [-0.12448873  0.          0.        ]
auflösen: [ 0.7429796  0.         0.       ]
aufnehmen: [ 0.25168313 -0.03011926  0.        ]
aufopfern: [ 0.62813591  0.          0.        ]
aufragen: [ 0.09111927  0.00389523  0.        ]
aufreiben: [-0.44866851  0.          0.        ]
aufschließen: [ 0.77739917  0.          0.        ]
aufschwung: [ 0.78811827  0.          0.        ]
aufsehen: [-0.77739917 -0.76333645  0.        ]
aufsicht: [-0.63900012  0.          0.        ]
aufstand: [-0.78854357  0.          0.        ]
aufsteigen: [ 0.66133702  0.          0.        ]
auftreiben: [ 0.7429796  -1.09236424  0.        ]
aufwand: [-0.27093286  0.          0.        ]
aufwärts: [ 0.7429796  0.         0.       ]
auge: [ 0.  0.  0.]
ausbilden: [ 0.66921981 -0.62385794  0.        ]
ausbrechen: [-0.67196045  0.          0.        ]
ausdehnen: [ 0.  0.  0.]
ausdrücken: [ 0.56851135  0.          0.        ]
ausfallen: [-0.46883772  0.          0.        ]
ausführen: [ 0.81327334  0.          0.        ]
ausgehen: [ 0.  0.  0.]
aushängen: [ 0.02328644  0.          0.        ]
auskunft: [ 0.12780002  0.          0.        ]
ausland: [ 0.  0.  0.]
ausnehmen: [-0.39147266  0.          0.        ]
ausrichten: [ 0.  0.  0.]
ausrufen: [ 0.  0.  0.]
aussagen: [ 0.          0.05050972  0.        ]
ausscheiden: [-0.7429796  0.         0.       ]
ausschlagen: [ 0.  0.  0.]
ausschuss: [-0.53607556 -0.65071293  0.        ]
aussehen: [ 0.  0.  0.]
ausser: [ 0.  0.  0.]
aussicht: [ 0.7429796  0.         0.       ]
ausstatten: [ 0.  0.  0.]
ausstellen: [-0.42599965  0.          0.        ]
aussteuern: [ 0.  0.  0.]
ausstrahlen: [ 0.  0.  0.]
ausströmen: [-0.77739917  0.          0.        ]
austauschen: [ 0.23397174  0.          0.        ]
ausweg: [ 0.  0.  0.]
ausweichen: [-0.85200058  0.          0.        ]
auswerten: [-0.77739917  0.          0.        ]
auto: [ 0.  0.  0.]
autobahn: [ 0.  0.  0.]
außen: [ 0.  0.  0.]
avalanche: [ 0.  0.  0.]
bach: [ 0.  0.  0.]
backe: [ 0.  0.  0.]
bad: [ 0.  0.  0.]
baden: [ 0.  0.  0.]
bahn: [ 0.         -0.46955466  0.        ]
bakterie: [ 0.  0.  0.]
balken: [ 0.  0.  0.]
ball: [-0.10429397  0.          0.        ]
ballen: [ 0.  0.  0.]
band: [-0.61933808  0.          0.        ]
bande: [ 0.  0.  0.]
bank: [ 0.  0.  0.]
bann: [ 0.  0.  0.]
base: [ 0.  0.  0.]
basis: [ 0.  0.  0.]
bauch: [ 0.          0.13693867  0.        ]
bauen: [ 0.34407728  0.35585936  0.        ]
bauer: [-0.74703405  0.          0.        ]
baum: [ 0.25574598  0.          0.        ]
bausparen: [ 0.  0.  0.]
beachten: [ 0.  0.  0.]
beanspruchen: [-0.21086742  0.          0.        ]
beantworten: [ 0.  0.  0.]
becken: [ 0.  0.  0.]
bedarf: [ 0.21086742  0.          0.        ]
bedauern: [-0.39910065  0.          0.        ]
bedecken: [ 0.  0.  0.]
bedenken: [-0.32825442 -0.28305279  0.        ]
bedeuten: [ 0.25390845  0.          0.        ]
bedeutung: [ 0.42599965  0.          0.        ]
bedienen: [ 0.  0.  0.]
bedingen: [-0.57693421  0.          0.        ]
bedrohen: [-0.96717028  0.          0.        ]
bedürfen: [-0.71888936 -0.18770406  0.        ]
bedürfnis: [-0.47389048  0.          0.        ]
befallen: [-1.13016385  0.          0.        ]
befehlen: [-0.59546685  0.          0.        ]
befinden: [ 0.         0.4013271  0.       ]
befreien: [-0.31950006  0.          0.        ]
befugen: [ 0.50689365  0.          0.        ]
befähigen: [ 0.79505508 -0.24757297  0.        ]
begabt: [ 0.89733702 -0.06667164  0.        ]
begehren: [ 0.79505508  0.          0.        ]
begeistern: [ 0.98154723  0.          0.        ]
begier: [ 0.77739917  0.          0.        ]
begierde: [ 0.71070811 -0.02704584  0.        ]
beginnen: [ 0.  0.  0.]
beglaubigen: [ 0.  0.  0.]
begleiten: [ 0.  0.  0.]
begreifen: [ 0.  0.  0.]
begrenzen: [ 0.         -0.46425037  0.        ]
begriff: [ 0.  0.  0.]
begrüßen: [ 0.68857753  0.          0.        ]
begünstigen: [ 0.68021172  0.          0.        ]
behaften: [ 0.          0.13130902  0.        ]
behalten: [-0.70626383  0.15649099  0.        ]
beharren: [ 0.28897327 -0.86810624  0.        ]
beherrschen: [ 0.02131139 -0.72431971  0.        ]
behindern: [-0.7429796  -0.32540428  0.        ]
behörde: [-0.52399133  0.          0.        ]
beichten: [-0.2046263  0.         0.       ]
beifall: [ 0.77739917  0.          0.        ]
beileid: [-0.07810585  0.          0.        ]
bein: [-0.56316011  0.          0.        ]
beinahe: [ 0.  0.  0.]
beispiel: [ 0.  0.  0.]
beitrag: [ 0.7429796  0.         0.       ]
beißen: [-0.70606929  0.          0.        ]
bejahen: [ 0.89733702  0.          0.        ]
bekannt: [ 0.00388076  0.          0.        ]
bekennen: [ 0.79505508  0.00563942  0.        ]
beklagen: [-1.03117625  0.          0.        ]
beladen: [-0.18840165  0.          0.        ]
belang: [ 0.  0.  0.]
belasten: [-0.95215096  1.05053554  0.        ]
beleidigen: [-1.10900839  0.          0.        ]
bemerken: [ 0.  0.  0.]
bemitleiden: [-0.28897327  0.          0.        ]
bemitteln: [ 0.  0.  0.]
benefiz: [ 0.77739917  0.          0.        ]
beneiden: [-0.68857753  0.          0.        ]
benutzen: [ 0.  0.  0.]
beobachten: [ 0.  0.  0.]
berauben: [-0.77739917  0.          0.        ]
bereich: [ 0.  0.  0.]
bereifen: [-0.77739917  0.          0.        ]
bereit: [ 0.4407936   0.04541897  0.        ]
berg: [ 0.07603507  0.          0.        ]
bergundtal: [ 0.  0.  0.]
berichten: [ 0.  0.  0.]
beruf: [ 0.  0.  0.]
beruhigen: [ 0.361815  0.        0.      ]
berühmt: [ 0.65017437  0.          0.        ]
berühren: [ 0.62813591  0.          0.        ]
besaiten: [-0.19380329 -0.26032347  0.        ]
beschaffen: [ 0.  0.  0.]
bescheid: [ 0.  0.  0.]
bescheinigen: [ 0.21086742  0.          0.        ]
beschießen: [ 0.  0.  0.]
beschließen: [ 0.21086742  0.          0.        ]
beschneiden: [-0.77739917  0.          0.        ]
beschränken: [-0.58177302  0.          0.        ]
beschwerde: [-1.27800024  0.          0.        ]
beschwören: [ 0.62813591  0.          0.        ]
beschädigen: [-0.52281839  0.          0.        ]
beschäftigen: [-0.42599965  0.22710088  0.        ]
beseitigen: [-0.7302864  0.         0.       ]
besessen: [-0.89733702  0.          0.        ]
besetzen: [ 0.  0.  0.]
besinnen: [ 0.7429796  0.         0.       ]
besitzen: [ 0.          0.22625464  0.        ]
besonder: [ 0.45876886  0.          0.        ]
besorgnis: [-0.78854357  0.          0.        ]
besser: [ 0.66029258  0.          0.        ]
bestand: [ 0.77739917  0.          0.        ]
bestechen: [-0.66106873  0.          0.        ]
bestimmen: [ 0.77359639  0.          0.        ]
beständig: [ 0.7429796   0.04760119  0.        ]
bestätigen: [ 0.41106017  0.          0.        ]
besuchen: [ 0.  0.  0.]
betonen: [ 0.62140015 -0.43476767  0.        ]
betragen: [ 0.  0.  0.]
betreuen: [ 0.17659575 -0.28055079  0.        ]
betrieb: [ 0.  0.  0.]
betrügen: [-1.45550588  0.          0.        ]
bett: [ 0.  0.  0.]
betteln: [-0.71070811  0.          0.        ]
betucht: [ 0.44866851 -0.02825804  0.        ]
betäuben: [-0.63900012  0.          0.        ]
beugen: [-0.76660972  0.          0.        ]
beule: [-0.66176232  0.          0.        ]
beute: [-0.92157554  0.          0.        ]
beutel: [ 0.  0.  0.]
beuteln: [ 0.          0.00207112  0.        ]
bevorrechtigen: [ 0.62813591  0.          0.        ]
bewegen: [ 0.62813591 -0.30647854 -0.3477928 ]
beweihräuchern: [ 0.77739917  0.          0.        ]
beweisen: [ 0.89733702  0.          0.        ]
bewohnen: [ 0.  0.  0.]
bewundern: [ 1.06263344  0.          0.        ]
bewusst: [ 0.6150576  -0.47375742  0.        ]
bewusstsein: [ 0.  0.  0.]
bewähren: [ 0.  0.  0.]
bezeugen: [ 0.          0.01507471  0.        ]
beziehen: [-0.76680014  0.30683711  0.        ]
bi: [ 0.  0.  0.]
biegen: [-0.76680014  0.          0.        ]
biene: [-0.09109379  0.          0.        ]
bier: [ 0.73239409  0.          0.        ]
bieten: [ 0.          0.03771507  0.        ]
bilanz: [ 0.  0.  0.]
bild: [ 0.          0.13578176  0.        ]
bilden: [ 0.28442161  0.          0.        ]
binden: [ 0.51120009  0.          0.        ]
binse: [-0.77156161  0.          0.        ]
bio: [ 0.  0.  0.]
birne: [ 0.  0.  0.]
bissen: [ 0.14522743  0.          0.        ]
bitter: [-0.9227891  0.         0.       ]
blase: [-0.53699167  0.          0.        ]
blaster: [ 0.  0.  0.]
blatt: [-0.18832912  0.          0.        ]
blau: [-0.38668677  0.          0.        ]
blech: [ 0.        -0.1545271  0.       ]
blei: [ 0.  0.  0.]
blenden: [-0.25739288  0.          0.        ]
blicken: [ 0.59270624  0.          0.        ]
blind: [-0.86531232  0.          0.        ]
blitz: [ 0.  0.  0.]
block: [ 0.  0.  0.]
blockieren: [-1.13649021  0.          0.        ]
blume: [ 0.  0.  0.]
blut: [-0.76680014  0.0976312   0.        ]
bluten: [ 0.  0.  0.]
blöde: [-0.35095482  0.          0.        ]
blüte: [ 0.77739917  0.          0.        ]
bock: [-0.42599965  0.          0.        ]
boden: [ 0.         -0.12137142  0.        ]
bogen: [-0.07849405  0.          0.        ]
bohren: [-0.62813591  0.          0.        ]
bombe: [-0.77739917  0.1600744   0.        ]
borste: [-0.7429796  0.         0.       ]
bot: [ 0.  0.  0.]
bote: [ 0.  0.  0.]
boykott: [-0.92157554  0.          0.        ]
brachial: [-1.27800024  0.          0.        ]
branden: [ 0.  0.  0.]
braten: [ 0.  0.  0.]
braue: [ 0.  0.  0.]
braun: [ 0.  0.  0.]
bravo: [ 0.89733702  0.          0.        ]
brechen: [-0.81190588  0.          0.        ]
breit: [ 0.30672006  0.          0.        ]
bremse: [ 0.  0.  0.]
brennen: [-0.66568405  0.          0.        ]
brett: [ 0.  0.  0.]
brief: [ 0.20355788  0.          0.        ]
bringen: [ 0.         0.1439102  0.       ]
brot: [ 0.  0.  0.]
bruch: [-0.89420018  0.          0.        ]
bruder: [ 0.24487419  0.          0.        ]
brummen: [-0.5975542  0.         0.       ]
brunnen: [ 0.06611565  0.          0.        ]
brust: [ 0.  0.  0.]
brödelei: [ 0.  0.  0.]
brücke: [ 0.  0.  0.]
bub: [-0.18455681  0.          0.        ]
buch: [ 0.  0.  0.]
buchstabe: [ 0.  0.  0.]
buhne: [ 0.  0.  0.]
bulle: [-0.77739917  0.58920244  0.        ]
bummeln: [-0.77739917 -0.8699173   0.        ]
bund: [ 0.  0.  0.]
burg: [ 0.  0.  0.]
burn-out: [ 0.  0.  0.]
butter: [ 0.  0.  0.]
buße: [-0.77739917  0.34694069  0.        ]
bär: [ 0.          0.00111039  0.        ]
börse: [ 0.0964257  0.         0.       ]
böse: [-1.04928064  0.          0.        ]
bündnis: [ 0.  0.  0.]
bürgen: [ 0.62813591  0.          0.        ]
bürger: [ 0.77739917 -0.66604289  0.        ]
chance: [ 0.25560005  0.          0.        ]
chaos: [-1.01238572  0.          0.        ]
charakter: [ 0.7429796  0.         0.       ]
charisma: [ 0.76924357  0.          0.        ]
chemie: [ 0.  0.  0.]
chevreau: [ 0.  0.  0.]
chiffrieren: [ 0.  0.  0.]
chip: [ 0.3419099  0.         0.       ]
chor: [ 0.  0.  0.]
christ: [ 0.  0.  0.]
container: [ 0.  0.  0.]
courage: [ 0.92157554 -0.51566996  0.        ]
crimen: [-0.90661895  0.04631613  0.        ]
dach: [ 0.  0.  0.]
dame: [ 0.  0.  0.]
dampf: [ 0.  0.  0.]
dank: [ 0.82867676  0.          0.        ]
darm: [ 0.          0.29998379  0.        ]
darstellen: [ 0.  0.  0.]
das: [ 0.         -0.10302368  0.        ]
dasein: [ 0.  0.  0.]
daten: [-0.10053988  0.          0.        ]
dauer: [ 0.          0.06469792  0.        ]
deck: [ 0.  0.  0.]
decke: [ 0.  0.  0.]
deckel: [ 0.  0.  0.]
decken: [-0.20227042 -0.30384051  0.        ]
defekt: [-1.01003298  0.          0.        ]
dehnen: [ 0.  0.  0.]
delikt: [-0.92157554  0.          0.        ]
demokrat: [ 0.67547043 -0.44084014  0.        ]
demonstrieren: [ 0.          0.39182907  0.        ]
denken: [ 0.          0.01364917  0.        ]
denkmal: [ 0.  0.  0.]
depot: [ 0.  0.  0.]
deprimieren: [-0.92157554  0.          0.        ]
derma: [-0.33885466  0.          0.        ]
destillieren: [ 0.  0.  0.]
detail: [ 0.  0.  0.]
diamant: [ 0.  0.  0.]
dicht: [ 0.  0.  0.]
dichten: [-0.30978778  0.          0.        ]
dick: [-0.29635457 -0.18947744  0.        ]
didakt: [ 0.18840369  0.          0.        ]
dieb: [-1.04453759  0.          0.        ]
dienen: [ 0.20215165  0.          0.        ]
dienern: [-0.33885442  0.          0.        ]
dienst: [ 0.23565151 -0.24548387  0.        ]
dienstbar: [-0.77739917  0.          0.        ]
diesig: [-0.77739917  0.          0.        ]
differenz: [ 0.  0.  0.]
digital: [ 0.  0.  0.]
diktieren: [ 0.  0.  0.]
ding: [ 0.          0.17517854  0.        ]
diplomat: [-0.23242783  0.          0.        ]
diskutieren: [ 0.  0.  0.]
distanz: [ 0.  0.  0.]
disziplin: [ 0.38748454  0.          0.        ]
dividend: [ 0.  0.  0.]
dividende: [ 0.77739917  0.          0.        ]
diät: [ 0.  0.  0.]
diäten: [ 0.  0.  0.]
doktor: [ 0.13688813  0.          0.        ]
dokument: [ 0.  0.  0.]
dolch: [ 0.  0.  0.]
donner: [-0.77739917  0.          0.        ]
doof: [-0.93552372  0.          0.        ]
doppelt: [-0.98741912 -0.01273712  0.        ]
draht: [ 0.  0.  0.]
drama: [-0.77739917  0.          0.        ]
dreck: [-1.04563679  0.          0.        ]
drehen: [ 0.  0.  0.]
dreist: [-0.94704392  0.          0.        ]
dribbeln: [ 0.25562344  0.          0.        ]
droge: [-0.52404729  0.07631263  0.        ]
drohen: [-0.95334604  0.          0.        ]
drossel: [-0.77739917  0.          0.        ]
drosseln: [-0.7429796  0.         0.       ]
druck: [-0.49153806 -0.1193411   1.32225165]
drängen: [-0.84613061  0.          0.        ]
drüse: [ 0.  0.  0.]
dumm: [-1.07386963  0.          0.        ]
dunkel: [-0.34117357  0.          0.        ]
dunst: [-0.7429796  0.         0.       ]
durchblicken: [ 0.  0.  0.]
durchbluten: [ 0.  0.  0.]
durchfahren: [ 0.  0.  0.]
durchhalten: [ 0.46336903  0.          0.        ]
durchmesser: [ 0.  0.  0.]
durchschießen: [ 0.          0.03367576  0.        ]
durchschlagen: [ 0.  0.  0.]
durchsetzen: [ 0.51054839  0.          0.        ]
durst: [-1.27800024  0.          0.        ]
dusel: [ 0.77739917 -1.11603867  0.        ]
dutzend: [-0.34653801  0.          0.        ]
dämpfen: [ 1.27800024  0.          0.        ]
düngen: [ 0.  0.  0.]
dünn: [ 0.  0.  0.]
dürftig: [-0.50967069  0.          0.        ]
dürr: [-0.68063702  0.          0.        ]
eben: [ 0.31746548  0.          0.        ]
ebene: [ 0.  0.  0.]
echt: [ 0.68468198  0.          0.        ]
ecke: [ 0.47408065  0.          0.        ]
edel: [ 0.9515596  0.         0.       ]
effekt: [-0.62270365  0.          0.        ]
effektiv: [ 0.44356662 -0.44859038  0.        ]
effizient: [ 0.76924357 -0.38509904  0.        ]
egel: [ 0.  0.  0.]
ego: [-1.27800024  0.          0.        ]
ehe: [ 0.          0.01634376  0.        ]
ehre: [ 0.63900012  0.          0.        ]
ehren: [ 0.56742868  0.          0.        ]
ehrfurcht: [ 0.76924357  0.          0.        ]
ei: [ 0.  0.  0.]
eifer: [ 0.78811827  0.          0.        ]
eifern: [ 0.45239152  0.          0.        ]
eifersucht: [-0.92157554  0.          0.        ]
eigen: [ 0.        -0.6369706  0.       ]
eigenschaft: [ 0.  0.  0.]
eigentum: [ 0.  0.  0.]
eile: [-0.75654537  0.          0.        ]
ein: [-0.02520636  0.          0.        ]
einbilden: [-0.44866851  0.          0.        ]
einbrechen: [-0.5905165  0.         0.       ]
eindruck: [ 0.335746  0.        0.      ]
eindämmen: [ 0.44866851 -0.49150244  0.        ]
einfallen: [ 0.  0.  0.]
einfliegen: [ 0.  0.  0.]
einfluss: [ 0.          0.22770165  0.        ]
einflößen: [ 0.  0.  0.]
einfuhr: [ 0.  0.  0.]
einfärben: [ 0.  0.  0.]
einfühlen: [ 0.  0.  0.]
einführen: [ 0.53161608  0.          0.        ]
einhalten: [ 0.  0.  0.]
einjagen: [ 0.  0.  0.]
einkommen: [ 0.62813591  0.          0.        ]
einnehmen: [ 0.46336903  0.10303305  0.        ]
einschlagen: [-1.27800024  0.          0.        ]
einschätzen: [ 0.  0.  0.]
einschüchtern: [-0.78854357  0.          0.        ]
einsehen: [ 0.12448457  0.          0.        ]
einsetzen: [ 0.  0.  0.]
einsparen: [ 0.          0.01741177  0.        ]
einspruch: [-0.77739917  0.          0.        ]
einstand: [-0.05748445  0.          0.        ]
einstellen: [ 0.  0.  0.]
eintopf: [ 0.  0.  0.]
einwenden: [ 0.14759691  0.          0.        ]
einzeln: [ 0.  0.  0.]
einziehen: [ 0.         -0.76316996  0.        ]
eis: [-0.49991314  0.          0.        ]
eisen: [-0.01324931  0.          0.        ]
eiter: [ 0.  0.  0.]
eiweiß: [ 0.  0.  0.]
ekel: [-1.03160349  0.          0.        ]
elektrisch: [-0.28399977  0.          0.        ]
elektro: [-0.16123389  0.          0.        ]
elektron: [ 0.  0.  0.]
elektronik: [ 0.  0.  0.]
elfmeter: [-0.21086742  0.          0.        ]
elite: [ 0.77739917  0.          0.        ]
elter: [ 0.  0.  0.]
embargo: [-0.89733702  0.          0.        ]
emotion: [ 0.  0.  0.]
empfangen: [ 0.          0.06233553  0.        ]
empfehlen: [ 0.58469476 -0.05918057  0.        ]
empfinden: [-0.40521937  0.57918394  0.        ]
end: [-0.03981632 -0.39612196  0.        ]
ende: [-0.64602273  0.          0.        ]
energie: [ 0.89733702  0.          0.        ]
eng: [-0.5591251  0.         0.       ]
engel: [ 0.85200058  0.          0.        ]
enkel: [ 0.  0.  0.]
entblößen: [ 0.  0.  0.]
enteignen: [-0.77739917  0.          0.        ]
entern: [ 0.  0.  0.]
entfalten: [ 0.  0.  0.]
entfremden: [-0.68063702  0.          0.        ]
entführen: [-0.67934315  0.          0.        ]
entlassen: [-0.46414519 -0.92010693  0.        ]
entleeren: [-0.68766075  0.          0.        ]
entsagen: [ 0.62813591  0.          0.        ]
entscheiden: [ 0.04474948 -0.37026886  0.        ]
entschließen: [ 0.  0.  0.]
entsorgen: [ 0.         -0.55738791  0.        ]
entspannen: [ 0.64932514  0.          0.        ]
entstören: [ 0.  0.  0.]
enttraumatisieren: [ 0.  0.  0.]
entwerfen: [ 0.  0.  0.]
entwickeln: [ 0.         0.4101498  0.       ]
entziehen: [ 0.  0.  0.]
entzünden: [-0.62813591  0.22265644  0.        ]
epoche: [ 0.40050393  0.          0.        ]
erbarmen: [-0.2046263  0.         0.       ]
erbe: [ 0.  0.  0.]
erben: [ 0.77739917  0.          0.        ]
erbieten: [ 0.  0.  0.]
erbietig: [ 0.06017083  0.00392907  0.        ]
erde: [ 0.  0.  0.]
ereignis: [ 0.          0.03483317  0.        ]
erfahren: [ 0.39937507 -0.30908365  0.        ]
erfinden: [-1.1169242  0.3246598  0.       ]
erfolg: [ 0.28689827 -0.26376391  0.        ]
erfreuen: [ 0.7723186  -0.22667226  0.        ]
erfrischen: [ 0.62813591 -0.04434429  0.        ]
erfüllen: [ 0.41400051  0.07755662  0.        ]
ergeben: [ 0.37588287  0.          0.        ]
ergebnis: [ 0.41780767  0.          0.        ]
ergießen: [ 0.          0.09282078  0.        ]
ergon: [ 0.  0.  0.]
ergreifen: [-0.71796112  0.          0.        ]
erhalten: [ 0.35500035 -0.3472657   0.        ]
erheben: [ 0.63900012 -1.36279703  0.        ]
erholen: [ 0.68816215  0.          0.        ]
erhöhen: [ 0.565383   -0.22375771  0.        ]
erinnern: [ 0.  0.  0.]
erkennen: [ 0.  0.  0.]
erkranken: [-0.92157554  0.          0.        ]
erkälten: [-0.62813591  0.          0.        ]
erlass: [-0.00670291 -0.57458291  0.        ]
erlauben: [ 0.46336903  0.          0.        ]
erleben: [ 0.         -0.74118597  0.        ]
erlebnis: [ 0.63900012  0.          0.        ]
ermessen: [ 0.  0.  0.]
ermüden: [-0.9551522  0.         0.       ]
erneuern: [ 0.7429796  0.         0.       ]
erniedrigen: [-0.78854357  0.          0.        ]
ernst: [-0.62389831  0.          0.        ]
ernähren: [ 0.         0.0274274  0.       ]
erobern: [ 0.62813591  0.          0.        ]
erpressen: [-0.78854357  0.          0.        ]
erproben: [ 0.         -0.61758587  0.        ]
erregen: [-0.62813591 -0.071524    0.        ]
erscheinen: [-0.60062317  0.          0.        ]
erschöpfen: [-0.66106873  0.          0.        ]
erschüttern: [-1.06305875  0.          0.        ]
erst: [ 0.35594735 -0.22808881  0.        ]
erstatten: [ 0.19030335  0.          0.        ]
erstreben: [ 0.62813591  0.          0.        ]
ertrag: [ 0.77739917  0.          0.        ]
ertragen: [ 0.62813591  0.          0.        ]
ertrinken: [-0.78854357  0.          0.        ]
erwarten: [ 0.  0.  0.]
erwecken: [ 0.  0.  0.]
erweichen: [-0.15011688 -0.51202468  0.        ]
erwerben: [ 0.  0.  0.]
erwärmen: [ 0.62813591 -0.12072504  0.        ]
erythem: [ 0.  0.  0.]
erz: [ 0.  0.  0.]
erziehen: [ 0.  0.  0.]
essen: [ 0.  0.  0.]
etikett: [ 0.  0.  0.]
ex: [ 0.  0.  0.]
existieren: [ 0.23753638  0.          0.        ]
experimentieren: [ 0.  0.  0.]
experte: [ 0.  0.  0.]
explodieren: [-0.66106873 -0.21209222  0.        ]
export: [ 0.  0.  0.]
extrem: [-0.63291428  0.          0.        ]
fabrik: [ 0.13361609  0.          0.        ]
fabrizieren: [ 0.  0.  0.]
facette: [ 0.  0.  0.]
fach: [ 0.23693526  0.          0.        ]
faden: [ 0.  0.  0.]
fahl: [-0.77739917  0.          0.        ]
fahne: [ 0.  0.  0.]
fahren: [ 0.03628586  0.          0.        ]
fahrzeug: [ 0.  0.  0.]
fakt: [ 0.  0.  0.]
faktor: [ 0.  0.  0.]
falke: [-0.83094117  0.          0.        ]
fallen: [-0.69396819 -0.01005704  0.        ]
falsch: [-1.10808306  0.          0.        ]
falte: [ 0.  0.  0.]
falter: [ 0.18840371  0.          0.        ]
familie: [ 0.          0.09973936  0.        ]
fangen: [-0.73485014  0.64518347  0.        ]
fantasie: [ 0.7429796  0.         0.       ]
farbe: [ 0.  0.  0.]
farben: [ 0.26766002  0.          0.        ]
faschismus: [-0.77739917  0.          0.        ]
faser: [ 0.  0.  0.]
fassen: [ 0.33339192  0.          0.        ]
fasson: [ 0.  0.  0.]
fasten: [ 0.  0.  0.]
faul: [-0.61190135  0.04495809  0.        ]
fauna: [ 0.  0.  0.]
fechten: [ 0.  0.  0.]
feder: [ 0.  0.  0.]
fehl: [-1.13600035  0.          0.        ]
fehler: [-1.15949073  0.          0.        ]
fein: [ 0.93587392 -0.03655223  0.        ]
feind: [-0.7429796  -0.49385545  0.        ]
feld: [ 0.          0.05573091  0.        ]
fell: [ 0.  0.  0.]
fels: [ 0.  0.  0.]
felsen: [ 0.  0.  0.]
fenster: [ 0.  0.  0.]
fern: [ 0.         -1.19858472  0.        ]
fernsprechen: [ 0.  0.  0.]
fertig: [ 0.57430785  0.          0.        ]
fesseln: [-0.46414519  0.          0.        ]
fest: [ 0.21086742  0.05848683  0.        ]
fett: [-0.61125631 -0.21697168  0.        ]
feuer: [-0.12228469 -1.01652931  0.        ]
fidel: [ 0.77739917  0.          0.        ]
fieber: [-0.92157554  0.          0.        ]
figur: [ 0.58177302  0.          0.        ]
film: [ 0.  0.  0.]
filz: [ 0.  0.  0.]
finanzen: [ 0.40556592  0.          0.        ]
finanzieren: [ 0.  0.  0.]
finden: [ 0.  0.  0.]
finger: [ 0.  0.  0.]
finte: [-0.68063702  0.          0.        ]
firma: [ 0.  0.  0.]
fisch: [ 0.  0.  0.]
fit: [ 1.014024  0.        0.      ]
fixieren: [ 0.  0.  0.]
flach: [-0.48356717  0.          0.        ]
flechte: [-0.62813591  0.          0.        ]
fleck: [-0.63900012  0.          0.        ]
flecken: [-0.77554549  0.          0.        ]
fleisch: [ 0.          0.01138773  0.        ]
flexibel: [ 0.66029258  0.          0.        ]
flicken: [-0.17486315  0.          0.        ]
fliegen: [ 0.  0.  0.]
fließen: [ 0.  0.  0.]
flint: [ 0.  0.  0.]
flitter: [ 0.  0.  0.]
floh: [-0.09109379  0.          0.        ]
flugzeug: [ 0.  0.  0.]
fluss: [ 0.  0.  0.]
flut: [-0.7429796  0.         0.       ]
fläche: [ 0.  0.  0.]
flüchten: [-0.45620981  0.          0.        ]
folge: [ 0.         -0.29459352  0.        ]
form: [ 0.         0.1917647  0.       ]
formen: [ 0.  0.  0.]
fortpflanzen: [ 0.  0.  0.]
foul: [-0.79505508  0.          0.        ]
frage: [-0.05490261  0.          0.        ]
fragen: [ 0.15214337 -0.80846053  0.        ]
frau: [ 0.23277968  0.03438282  0.        ]
frei: [ 0.61049271 -0.68282743  0.        ]
fremd: [-0.85200058  0.          0.        ]
fremder: [ 0.  0.  0.]
fressen: [-0.51120009  0.          0.        ]
freude: [ 0.89751265 -0.01075245  0.        ]
freund: [ 0.70880928 -0.25181051  0.        ]
frieden: [ 0.66029258  0.13241195 -0.02123355]
frisch: [ 0.73650296  0.          0.        ]
frist: [ 0.27971743  0.          0.        ]
froh: [ 0.65519024 -0.00729024  0.        ]
front: [ 0.  0.  0.]
frost: [-0.77739917  0.          0.        ]
frucht: [ 0.  0.  0.]
früh: [ 0.  0.  0.]
frühling: [ 0.06015794  0.          0.        ]
fuchs: [ 0.  0.  0.]
fund: [ 0.  0.  0.]
funke: [ 0.07617762  0.          0.        ]
funktion: [ 0.1137587  0.         0.       ]
furcht: [-1.05244327  0.          0.        ]
fuß: [ 0.          0.03772561  0.        ]
fächern: [ 0.77739917  0.          0.        ]
fähig: [ 0.50875127 -0.40477418  0.        ]
fällig: [-0.50081964  0.          0.        ]
fälschen: [-0.77739917  0.          0.        ]
färben: [ 0.  0.  0.]
fördern: [ 0.46336903 -0.1636272   0.        ]
fühlen: [-0.56799954  0.49941082  0.        ]
führen: [ 0.20673571  0.          0.        ]
galgen: [ 0.  0.  0.]
galion: [ 0.  0.  0.]
galle: [-0.77739917  0.          0.        ]
gammeln: [-0.3878398  0.         0.       ]
ganz: [ 0.  0.  0.]
gardine: [ 0.  0.  0.]
garn: [ 0.  0.  0.]
garten: [ 0.  0.  0.]
gas: [ 0.8412556  0.         0.       ]
gasse: [-0.81636245  0.          0.        ]
gast: [ 0.          0.03037278  0.        ]
gaumen: [ 0.  0.  0.]
geben: [ 0.         -0.42178224  0.        ]
gebet: [ 0.  0.  0.]
gebieten: [-0.62813591  0.57759048  0.        ]
gebrauchen: [ 0.  0.  0.]
gebärde: [ 0.  0.  0.]
gebären: [ 0.  0.  0.]
gebärmutter: [ 0.  0.  0.]
gebühr: [-0.95192299 -0.10279323  0.        ]
gedicht: [ 0.  0.  0.]
geduld: [ 0.43389101  0.          0.        ]
gedächtnis: [ 0.  0.  0.]
gefahr: [-0.34854517 -0.18778828 -0.21991686]
gefallen: [ 0.63747356  0.          0.        ]
gefangenschaft: [-0.92157554  0.          0.        ]
gefolge: [ 0.  0.  0.]
gefährden: [-1.03324959 -0.05028789  0.        ]
gefälle: [-0.44866851 -0.16568895  0.        ]
gefällig: [ 0.89944495  0.          0.        ]
gefängnis: [-0.77739917  0.          0.        ]
gefüge: [ 0.  0.  0.]
gefühl: [ 0.41825497  0.05179635  1.02619866]
gegen: [-0.65021074  0.05256752  0.        ]
gegenstand: [ 0.11123127  0.          0.        ]
gegenwart: [ 0.13475706  0.          0.        ]
gegner: [-0.63900012  0.          0.        ]
gehalt: [ 0.7429796  0.3239359  0.       ]
geheimnis: [-1.27800024  0.          0.        ]
gehen: [ 0.  0.  0.]
gehirn: [-0.5469132  0.         0.       ]
gehör: [ 0.  0.  0.]
geil: [ 0.49919491  0.18073488  0.        ]
geisel: [-0.77739917  0.          0.        ]
geist: [ 0.42031524  0.          0.        ]
geiz: [-0.78854357  0.          0.        ]
gel: [ 0.  0.  0.]
gelaunt: [ 0.  0.  0.]
gelb: [ 0.  0.  0.]
geld: [-0.51308728  0.          0.        ]
gelegenheit: [ 0.31950006  0.          0.        ]
geleit: [ 0.  0.  0.]
gelenk: [-0.07681121  0.          0.        ]
geloben: [ 0.62813591  0.          0.        ]
gelten: [ 0.  0.  0.]
gemein: [-1.06101622  1.91840999  0.        ]
gemeinschaft: [ 0.19263415  0.          0.        ]
gemenge: [-0.08405008  0.          0.        ]
gemäß: [ 0.27671885  0.02946136  0.        ]
gemüt: [ 0.24417866  0.          0.        ]
genau: [ 0.43265676  0.          0.        ]
genehmigen: [ 0.46336903  0.          0.        ]
generell: [ 0.  0.  0.]
genick: [ 0.  0.  0.]
genuss: [ 0.52749862  0.05693593  0.        ]
genügen: [ 0.10261538  0.          0.        ]
gerade: [ 0.          0.06250878  0.        ]
gerecht: [ 0.76924357 -0.50390937  0.        ]
gericht: [ 0.  0.  0.]
gering: [-0.80340171  0.          0.        ]
gerste: [-0.07345817  0.          0.        ]
gerät: [ 0.  0.  0.]
geräusch: [-0.53620503  0.          0.        ]
gerücht: [-0.7429796  0.         0.       ]
gesang: [ 0.44452171  0.          0.        ]
geschenk: [ 0.  0.  0.]
geschichte: [ 0.  0.  0.]
geschlecht: [ 0.  0.  0.]
geschmack: [ 0.  0.  0.]
geschrei: [-0.63900012  0.          0.        ]
geschwister: [ 0.  0.  0.]
geschwulst: [-0.89733702  0.47730363  0.        ]
geschwätz: [-0.77739917  0.          0.        ]
geschwür: [-0.92157554  0.          0.        ]
geschäft: [ 0.          0.16985672  0.        ]
geselle: [ 0.  0.  0.]
gesellschaft: [ 0.  0.  0.]
gesetz: [ 0.          0.          0.22395817]
gesicht: [ 0.  0.  0.]
gesinnt: [ 0.44866851  0.02967969  0.        ]
gespenst: [-0.7429796  0.         0.       ]
gespräch: [ 0.34816883 -0.33252176  0.        ]
gestalt: [ 0.  0.  0.]
gestalten: [ 0.40357842  0.          0.        ]
gestein: [ 0.  0.  0.]
gestell: [ 0.  0.  0.]
gesund: [ 0.65254888  0.          0.        ]
getreide: [ 0.  0.  0.]
getreu: [ 0.60827402  0.          0.        ]
getto: [ 0.  0.  0.]
gewalt: [-0.99520933  0.07351284  0.        ]
gewaltig: [-0.18410308 -0.75488464  0.        ]
gewandt: [ 0.62813591  0.          0.        ]
gewehr: [ 0.  0.  0.]
gewerbe: [ 0.  0.  0.]
gewinnen: [ 0.66029258  0.          0.        ]
gewiss: [ 0.  0.  0.]
gewissen: [ 0.  0.  0.]
gewächs: [ 0.  0.  0.]
gewähren: [ 0.68857753 -0.35590724  0.        ]
gewöhnen: [ 0.04028173  0.          0.        ]
gier: [-0.92157554  0.          0.        ]
gießen: [-0.20501698  0.          0.        ]
gift: [-0.77739917  0.          0.        ]
gigant: [ 0.76680014  0.          0.        ]
gitter: [-0.51120009 -0.25371659  0.        ]
glanz: [ 0.76924357  0.          0.        ]
glas: [ 0.  0.  0.]
glasieren: [ 0.  0.  0.]
glatt: [ 0.49377328  0.46340371  0.        ]
glaube: [ 0.361815   -0.48616185  0.        ]
glauben: [ 0.  0.  0.]
gleich: [ 0.  0.  0.]
glied: [ 0.  0.  0.]
gliedern: [ 0.  0.  0.]
glut: [-0.18249572  0.          0.        ]
glück: [ 0.60684676  0.          0.        ]
gnade: [-0.33900345  0.10612694  0.        ]
gold: [ 0.36514256 -0.75707656  0.        ]
golf: [ 0.  0.  0.]
goodwill: [ 0.77739917  0.          0.        ]
gott: [ 0.          0.14303567  0.        ]
graben: [-1.27800024  0.          0.        ]
grad: [ 0.          0.40546243  0.        ]
granne: [ 0.  0.  0.]
gras: [ 0.  0.  0.]
grat: [ 0.  0.  0.]
grau: [-0.32598398  0.          0.        ]
grauen: [-0.46414519  0.          0.        ]
greifen: [ 0.          0.16712339  0.        ]
grenze: [-0.48939656  0.          0.        ]
grippe: [-0.89733702  0.          0.        ]
grob: [-0.87142588  0.          0.        ]
grotesk: [-0.85447909  0.          0.        ]
grotte: [ 0.  0.  0.]
groß: [ 0.60927654  0.          0.37076003]
grund: [ 0.         -0.06281685  0.        ]
grundsatz: [ 0.77739917  0.          0.        ]
gruppe: [ 0.  0.  0.]
gräuel: [-0.77739917  0.          0.        ]
gründen: [ 0.37290389  0.          0.        ]
gucken: [-0.18840345  0.          0.        ]
guerilla: [ 0.  0.  0.]
gummi: [ 0.  0.  0.]
gunst: [ 0.46336903  0.          0.        ]
gut: [ 0.78240358 -0.14857425  0.        ]
gymnast: [ 0.0308328  0.         0.       ]
gültig: [ 0.77739917  0.          0.        ]
günstig: [ 0.58977806 -0.27447418  0.        ]
gürtel: [-0.61880961  0.          0.        ]
haar: [ 0.  0.  0.]
haben: [ 0.  0.  0.]
hacken: [-0.19194257  0.          0.        ]
haft: [-0.66106873  0.          0.        ]
haften: [-0.89733702  0.          0.        ]
hagel: [-0.77739917  0.          0.        ]
hahn: [-0.18840344  0.          0.        ]
hai: [-0.77739917  0.          0.        ]
haken: [-0.1884034  0.         0.       ]
halb: [ 0.         -0.31849489  0.        ]
hals: [ 0.          0.04818637  0.        ]
halt: [-0.40843354  0.          0.        ]
halten: [ 0.41975407 -0.08437594  0.        ]
hand: [-0.30724596  0.31107509  0.        ]
handel: [-0.48061222  0.          0.        ]
handeln: [-0.490499   -0.02827125  0.        ]
handwerk: [ 0.  0.  0.]
harm: [-0.89733702  0.          0.        ]
hart: [-0.54420289 -0.88033701  0.        ]
haschen: [ 0.  0.  0.]
hase: [ 0.  0.  0.]
hass: [-1.14286529  0.          0.        ]
hassen: [-0.62200227  0.          0.        ]
hauen: [-0.69709162  0.          0.        ]
haupt: [ 0.  0.  0.]
haus: [ 0.         -0.20681545  0.        ]
haushalt: [ 0.  0.  0.]
haut: [-0.79332256 -0.06357941  0.        ]
heben: [ 0.  0.  0.]
hefe: [ 0.  0.  0.]
heil: [ 0.89944495  0.          0.        ]
heilen: [ 0.7429796  0.         0.       ]
heilig: [ 0.7429796  -1.18038557  0.        ]
heim: [ 0.77739917  0.          0.        ]
heimat: [ 0.  0.  0.]
heimlich: [-0.79505508  0.          0.        ]
heirat: [ 0.46336903  0.          0.        ]
heischen: [-0.62813591  0.          0.        ]
heiß: [-0.06268218 -0.95018124  0.        ]
held: [ 1.27800024  0.          0.        ]
helfen: [ 1.01829284  0.          0.        ]
hell: [ 0.42315305  0.          0.        ]
hemd: [ 0.  0.  0.]
hemmen: [-0.20221477  0.          0.        ]
herholen: [-0.38828134  0.          0.        ]
herkömmlich: [ 0.53161608  0.          0.        ]
heroin: [-0.77739917  0.          0.        ]
herr: [ 0.  0.  0.]
herrlich: [ 1.26289531  0.          0.        ]
herrschaft: [-1.27800024  0.          0.        ]
herrschen: [-0.89733702  0.          0.        ]
herstimmen: [-0.70536856  0.          0.        ]
herz: [ 0.85200058 -0.16793336  0.        ]
hetzen: [ 0.  0.  0.]
heu: [ 0.  0.  0.]
heulen: [-0.83258975  0.          0.        ]
hexe: [ 0.  0.  0.]
hilfs: [ 0.49371648  0.          0.        ]
himmel: [ 0.27782575  0.          0.        ]
hingeben: [ 0.85200058  0.          0.        ]
hinter: [-0.41225859  0.          0.        ]
hinterziehen: [ 0.  0.  0.]
hirn: [ 0.00055337  0.          0.        ]
hitze: [ 0.  0.  0.]
hoch: [ 0.23664139  0.          1.03446606]
hochachten: [ 0.89733702  0.          0.        ]
hochschauen: [ 0.  0.  0.]
hochschule: [ 0.  0.  0.]
hochzeit: [ 1.0380172  0.         0.       ]
hoden: [ 0.  0.  0.]
hof: [ 0.  0.  0.]
hoffnung: [ 0.5529817  0.         0.       ]
hoheit: [ 0.77739917  0.          0.        ]
hohl: [-0.46093122  0.          0.        ]
holz: [-0.37650371  0.          0.        ]
homos: [ 0.  0.  0.]
honig: [ 0.02328644  0.          0.        ]
horn: [ 0.  0.  0.]
hornisse: [-0.28708447  0.          0.        ]
horst: [-0.79875015  0.          0.        ]
hotel: [ 0.  0.  0.]
huhn: [-0.15536959  0.          0.        ]
huld: [ 0.12448457  0.          0.        ]
humor: [ 1.23573123  0.          0.        ]
hund: [ 0.         0.0847795  0.       ]
hunger: [-0.63900012  0.          0.        ]
husten: [-0.62813591  0.          0.        ]
hut: [ 0.  0.  0.]
hymne: [ 0.          0.00879914  0.        ]
hyper: [-0.95951201  0.          0.        ]
hysterisch: [-0.81071242  0.          0.        ]
hämatokrit: [ 0.  0.  0.]
hässlich: [-1.08203435  0.          0.        ]
hätscheln: [ 0.28897327  0.          0.        ]
häufig: [ 0.  0.  0.]
höflich: [ 0.68021172  0.          0.        ]
höhe: [ 0.  0.  0.]
höhle: [-0.77739917  0.          0.        ]
hölle: [-1.27800024  0.          0.        ]
hören: [ 0.09245332  0.          0.        ]
hörig: [-0.00121042  0.          0.        ]
hübsch: [ 0.85312624  0.          0.        ]
hüne: [ 0.  0.  0.]
hüten: [-0.18249572  0.          0.        ]
hütte: [ 0.  0.  0.]
ich: [ 0.  0.  0.]
ideal: [ 0.84313674  0.          0.        ]
idee: [ 0.16559696  0.03088176  0.        ]
identisch: [ 0.  0.  0.]
ideologie: [ 0.  0.  0.]
idiot: [-0.36514256  0.04214909  0.        ]
illusion: [-1.27800024  0.06982461  0.        ]
image: [ 0.26406359  0.          0.        ]
immer: [ 0.  0.  0.]
immun: [ 0.42173484  0.         -0.36824922]
import: [ 0.  0.  0.]
impuls: [ 0.  0.  0.]
industrie: [ 0.  0.  0.]
infarkt: [-0.89733702 -0.06632108  0.        ]
infizieren: [-0.92157554  0.          0.        ]
inflation: [-0.20040228  0.          0.        ]
inhalt: [ 0.30428547  0.          0.        ]
inhibit: [ 0.  0.  0.]
initiative: [ 0.77739917  0.          0.        ]
innovieren: [ 0.54196763  0.          0.        ]
insekt: [-0.20890617  0.          0.        ]
instinkt: [ 0.  0.  0.]
instrument: [ 0.  0.  0.]
integrieren: [ 0.54758156  0.          0.        ]
intelligent: [ 0.71751184  0.          0.        ]
intensiv: [ 0.00305756  0.          0.        ]
interesse: [ 0.42599965  0.          0.        ]
interessieren: [ 0.46336903  0.          0.        ]
intrigieren: [-0.89733702  0.          0.        ]
ironie: [-0.63900012  0.          0.        ]
irr: [-0.88174555  0.          0.        ]
isotop: [ 0.  0.  0.]
ja: [ 0.31479191  0.          0.        ]
jagen: [ 0.  0.  0.]
jahr: [ 0.         -0.06159207  0.        ]
jammer: [-1.30574652  0.          0.        ]
jucken: [-0.74481912  0.          0.        ]
jude: [ 0.         0.0297403  0.       ]
jugend: [ 0.7429796  0.         0.       ]
junge: [-0.41669067  0.          0.        ]
jungfer: [-0.77739917 -0.57347381  0.        ]
justieren: [ 0.  0.  0.]
justiz: [-0.77739917  0.          0.        ]
kabel: [ 0.  0.  0.]
kachexie: [ 0.  0.  0.]
kader: [ 0.  0.  0.]
kaffee: [ 0.  0.  0.]
kaiser: [ 0.60406314  0.          0.        ]
kalkulieren: [ 0.  0.  0.]
kalt: [-0.33488817 -0.15327157  0.        ]
kamera: [ 0.  0.  0.]
kammer: [-0.3561718  0.         0.       ]
kampagne: [-0.13608299  0.          0.        ]
kanal: [ 0.          0.07036417  0.        ]
kandidat: [ 0.18840362  0.          0.        ]
kanone: [ 0.  0.  0.]
kante: [-0.18218999  0.          0.        ]
kapazität: [ 0.  0.  0.]
kapital: [ 0.  0.  0.]
karamel: [-0.02328644  0.          0.        ]
karat: [ 0.  0.  0.]
karg: [-0.7429796  0.         0.       ]
karieren: [ 0.  0.  0.]
karriere: [ 0.05542404  0.          0.        ]
kasse: [ 0.  0.  0.]
katastrophe: [-0.87136356  0.          0.        ]
kater: [-0.55889017  0.          0.        ]
katze: [ 0.  0.  0.]
kaufen: [ 0.20932695  0.          0.        ]
kavalier: [ 0.  0.  0.]
kavität: [ 0.  0.  0.]
kehren: [-0.08786845  0.          0.        ]
keil: [-0.77739917  0.          0.        ]
keim: [ 0.  0.  0.]
kenntnis: [ 0.77739917  0.          0.        ]
kerl: [ 0.  0.  0.]
kern: [ 0.  0.  0.]
kette: [-0.63900012  0.          0.        ]
keuchen: [-0.71070811  0.          0.        ]
kiefer: [ 0.  0.  0.]
kies: [ 0.  0.  0.]
kind: [-0.07289235  0.15018277  0.        ]
kindheit: [ 0.  0.  0.]
kino: [ 0.  0.  0.]
kippen: [ 0.  0.  0.]
kirche: [ 0.  0.  0.]
kitzel: [ 0.18840322  0.          0.        ]
klagen: [-1.07482739  0.          0.        ]
klamm: [ 0.  0.  0.]
klappe: [ 0.         -0.08961709  0.        ]
klappern: [ 0.  0.  0.]
klar: [ 0.5367601  0.         0.       ]
klasse: [ 0.91872563  0.          0.        ]
klatsch: [ 0.  0.  0.]
klatschen: [-0.44866851  0.          0.        ]
klausel: [ 0.  0.  0.]
klausur: [ 0.  0.  0.]
klein: [-0.4558793  -0.80610482  0.        ]
klima: [ 0.  0.  0.]
klingen: [ 0.19916867  0.          0.        ]
klon: [ 0.  0.  0.]
klopfen: [-1.27800024  0.          0.        ]
kloß: [ 0.  0.  0.]
kluft: [-0.79505508  0.          0.        ]
klug: [ 0.67315855  0.          0.        ]
knabe: [ 0.  0.  0.]
knall: [ 0.02252684  0.          0.        ]
knast: [-0.32143272  0.          0.        ]
kneten: [ 0.  0.  0.]
knick: [ 0.  0.  0.]
knie: [-1.27800024  0.          0.        ]
knirschen: [ 0.  0.  0.]
knochen: [ 0.  0.  0.]
knäuel: [-0.27925219  0.          0.        ]
ko: [ 0.  0.  0.]
koalition: [ 0.  0.  0.]
koffein: [ 0.  0.  0.]
kohl: [ 0.  0.  0.]
kokain: [ 0.  0.  0.]
kollabieren: [-0.66106873  0.          0.        ]
kollektiv: [ 0.  0.  0.]
koller: [-0.92157554  0.          0.        ]
kolonie: [ 0.  0.  0.]
komik: [ 0.37526346  0.          0.        ]
kommission: [ 0.  0.  0.]
kommunist: [ 0.  0.  0.]
kommunizieren: [ 0.  0.  0.]
kompetent: [ 0.75204309  0.          0.        ]
komplex: [-0.62716229  0.          0.        ]
komplizieren: [-0.53324414  0.          0.        ]
kompromiss: [ 0.  0.  0.]
konflikt: [-0.70151249  0.          0.        ]
konform: [ 0.44866851  0.          0.        ]
konfrontieren: [ 0.  0.  0.]
konjunktur: [ 0.          0.16146308  0.        ]
konkurrieren: [-0.77739917  0.          0.        ]
konservativ: [-0.42279509  0.          0.        ]
konservieren: [ 0.  0.  0.]
konsum: [-0.45058949  0.          0.        ]
kontakt: [ 0.          0.          0.00398866]
konto: [ 0.  0.  0.]
kontrast: [ 0.  0.  0.]
konus: [ 0.  0.  0.]
konzentrieren: [ 0.         -0.11309187  0.        ]
konzept: [ 0.  0.  0.]
konzern: [ 0.  0.  0.]
konzert: [ 0.  0.  0.]
konzipieren: [ 0.  0.  0.]
kopf: [-0.52136268  0.04569535  0.        ]
koppeln: [ 0.  0.  0.]
korb: [ 0.24752964  0.          0.        ]
korn: [-0.01669677  0.04544606  0.        ]
korrumpieren: [-0.92157554  0.          0.        ]
kosten: [-0.67127346  0.         -0.79638269]
krach: [-0.46414519  0.          0.        ]
kraft: [ 0.50258617 -0.1067517   0.        ]
krampf: [-0.62813591  0.00644067  0.        ]
krank: [-1.3100527  -0.10150555  0.        ]
kranker: [-0.13033402  0.          0.        ]
kratzen: [-0.82329022 -0.11038241  0.        ]
kraut: [ 0.  0.  0.]
krebs: [-0.42173484  0.15623903  0.        ]
kredit: [-0.77739917  0.07197247  0.        ]
kreislauf: [ 0.  0.  0.]
kreuz: [ 0.05176987  0.          0.        ]
krieg: [-1.34567172 -0.01739149  0.        ]
krise: [-0.90259989 -0.01792611  0.        ]
kritik: [-0.42599965  0.          0.        ]
krone: [ 0.  0.  0.]
krupp: [-0.33885465  0.          0.        ]
kränken: [-0.78854357  0.          0.        ]
kräuseln: [-0.77739917 -0.18732134  0.        ]
kuckuck: [ 0.  0.  0.]
kugel: [ 0.  0.  0.]
kulisse: [ 0.  0.  0.]
kultur: [ 0.77739917 -0.46496199  0.        ]
kummer: [-0.92157554 -0.20307282  0.        ]
kunde: [ 0.68194483  0.          0.        ]
kunst: [ 0.4096328  -0.54214848  0.        ]
kur: [ 0.54282763 -0.18015833  0.        ]
kurs: [ 0.  0.  0.]
kurz: [-0.66174724  0.          0.        ]
kutsche: [-0.33885466  0.          0.        ]
kämpfen: [ 0.25560005 -0.83130821  0.        ]
können: [ 0.21202471  0.02765101  0.        ]
körper: [ 0.  0.  0.]
kühlen: [ 0.63900012  0.          0.        ]
kürbis: [ 0.  0.  0.]
küssen: [ 0.11214709  0.          0.        ]
lachen: [ 0.66950939  0.          0.        ]
laden: [ 0.         0.0300152  0.       ]
lage: [-0.0986601  0.         0.       ]
lager: [ 0.  0.  0.]
lahm: [-0.77454484  0.          0.        ]
lampe: [ 0.  0.  0.]
land: [ 0.          0.23559474  0.        ]
landen: [ 0.  0.  0.]
lang: [ 0.48698582  0.          0.        ]
langeweile: [-0.62223351  0.          0.        ]
lassen: [-0.60037256  0.          0.        ]
last: [ 0.         0.2919806  0.       ]
lau: [-1.06499977  0.          0.        ]
laufen: [-0.65061842  0.          0.        ]
laune: [ 0.  0.  0.]
lauten: [ 0.  0.  0.]
lawine: [-0.77739917  0.          0.        ]
lazarett: [ 0.  0.  0.]
leben: [ 0.35615068  0.07232274  0.        ]
lebendig: [ 0.7095556  0.         0.       ]
leber: [-0.18730597  0.          0.        ]
lecken: [ 0.  0.  0.]
leder: [ 0.  0.  0.]
leer: [-0.37538044 -0.20110913  0.        ]
lehren: [ 0.63900012  0.          0.        ]
leib: [ 0.          0.04444581  0.        ]
leicht: [ 0.46543219 -0.24485304  0.        ]
leid: [-1.03750203  0.          0.        ]
leiden: [-0.81125421  0.03634769  0.        ]
leidenschaft: [ 0.59542091  0.          0.        ]
leidig: [-0.89944495  0.          0.        ]
leisten: [ 0.82908376 -0.28488287  0.        ]
leiten: [ 0.85200058  0.          0.        ]
leiter: [ 0.31464653  0.          0.        ]
lenken: [ 0.77739917  0.          0.        ]
lernen: [ 0.49700023  0.          0.        ]
lesen: [ 0.  0.  0.]
letal: [-0.77739917  0.          0.        ]
leuchten: [ 0.58984567  0.          0.        ]
liberal: [ 0.33208667  0.          0.        ]
licht: [ 0.62813591  0.          0.        ]
lieb: [ 0.50826861  0.          0.        ]
liebe: [ 0.73060728 -0.4929087   0.        ]
lieben: [ 0.79835156 -0.37526279  0.        ]
lieblings: [ 0.89570855  0.          0.        ]
liefern: [ 0.         0.0288409  0.       ]
likelihood: [ 0.  0.  0.]
linie: [ 0.42704641  0.          0.        ]
links: [-0.60247086  0.          0.        ]
lippe: [-0.82765847  0.          0.        ]
liquid: [ 0.77739917  0.          0.        ]
list: [-0.77739917  0.          0.        ]
literatur: [ 0.  0.  0.]
lob: [ 0.86678693  0.          0.        ]
loben: [ 0.76089512  0.          0.        ]
loch: [ 0.  0.  0.]
locken: [ 0.  0.  0.]
lohn: [ 0.03797652  0.01042768  0.        ]
lohnen: [ 0.8215714  0.         0.       ]
lokalisieren: [ 0.  0.  0.]
look: [ 0.  0.  0.]
los: [-0.54771384 -0.58430837  0.        ]
lotterie: [ 0.  0.  0.]
luft: [ 0.07487839  0.          0.        ]
lunge: [-0.6560981  0.         0.       ]
lust: [ 0.5860768   0.00188201  0.        ]
lustig: [ 0.44022234  0.09436406  0.        ]
luxus: [ 0.7429796  0.         0.       ]
lynchen: [ 0.  0.  0.]
lähmen: [-0.78854357  0.          0.        ]
längs: [ 0.  0.  0.]
lärm: [-0.78824027  0.0353157   0.        ]
lästern: [-0.92157554  0.          0.        ]
löschen: [-0.6815997  0.         0.       ]
lösen: [-0.74262166 -0.77512072  0.        ]
löwe: [ 0.  0.  0.]
lücke: [-0.31241016  0.          0.        ]
lügen: [-0.89733702  0.          0.        ]
lüstern: [-0.92157554  0.          0.        ]
mache: [ 0.  0.  0.]
machen: [ 0.          0.29327756  0.        ]
macht: [ 0.23962504 -0.23270011  1.17970164]
magen: [-0.2028758  0.         0.       ]
mager: [ 0.  0.  0.]
mahnen: [-0.79505508  0.          0.        ]
majestät: [ 0.77739917  0.          0.        ]
makel: [-0.25560005 -0.09193272  0.        ]
mal: [ 0.          0.03604412  0.        ]
mandel: [ 0.  0.  0.]
mangel: [-0.88098538  0.          0.        ]
manie: [-1.24344465  0.          0.        ]
mann: [-0.27333336  0.2180709   0.        ]
mannschaft: [ 0.  0.  0.]
mantel: [ 0.  0.  0.]
manöver: [ 0.  0.  0.]
mark: [ 0.  0.  0.]
marke: [ 0.  0.  0.]
markt: [-0.13369269  0.          0.        ]
marschieren: [-0.18840344  0.          0.        ]
maschine: [ 0.  0.  0.]
masse: [ 0.          0.10131326  0.        ]
massieren: [ 0.17350496  0.          0.        ]
mast: [ 0.  0.  0.]
matte: [ 0.  0.  0.]
matz: [-0.18840345  0.          0.        ]
mauer: [ 0.  0.  0.]
maul: [-0.84559204 -0.00523893  0.        ]
maus: [ 0.06340078  0.          0.        ]
maximum: [-0.00014427  0.          0.        ]
maß: [ 0.46171554  0.          0.        ]
maßnahme: [-0.48835395  0.07267015  0.        ]
maßstab: [ 0.  0.  0.]
medikament: [-0.73106274  0.          0.        ]
medium: [ 0.  0.  0.]
medizin: [-0.00203408  0.          0.        ]
mehl: [ 0.  0.  0.]
mehr: [ 0.28085333  0.          0.        ]
mehrheit: [-0.1646099  0.         0.       ]
meile: [-0.18840343  0.          0.        ]
meinen: [ 0.          0.08976633  0.        ]
meister: [ 0.63900012  0.          0.        ]
melden: [ 0.  0.  0.]
meniskus: [ 0.  0.  0.]
mensch: [ 0.07026721  0.30309326  0.        ]
menstruieren: [ 0.  0.  0.]
merkmal: [ 0.  0.  0.]
messen: [ 0.  0.  0.]
messer: [ 0.  0.  0.]
metall: [ 0.10859694  0.          0.        ]
meter: [ 0.  0.  0.]
methadon: [ 0.  0.  0.]
meucheln: [ 0.  0.  0.]
miete: [-0.62556354  0.          0.        ]
mikro: [ 0.  0.  0.]
milch: [ 0.  0.  0.]
mildern: [ 0.         -0.53350769  0.        ]
militär: [-0.01855442  0.          0.        ]
milliarde: [ 0.  0.  0.]
million: [ 0.  0.  0.]
minder: [-0.69472574  0.          0.        ]
mindern: [-0.42599965  0.35609311  0.        ]
mindest: [ 0.  0.  0.]
mine: [ 0.  0.  0.]
mineral: [ 0.02165588  0.          0.        ]
minister: [ 0.  0.  0.]
minus: [-0.60141158  0.          0.        ]
misere: [-1.27800024  0.          0.        ]
missbrauch: [-0.78854357  0.          0.        ]
misshandeln: [-0.89733702  0.          0.        ]
mission: [ 0.05866579  0.          0.        ]
misstrauen: [-1.04000319  0.          0.        ]
mitglied: [ 0.  0.  0.]
mitleid: [-0.07810585  0.          0.        ]
mittag: [ 0.  0.  0.]
mittel: [ 0.         -0.08835352  0.        ]
mittler: [ 0.  0.  0.]
mm: [ 0.  0.  0.]
mode: [ 0.  0.  0.]
modernisieren: [ 0.60940944  0.          0.        ]
mogeln: [-0.62813591  0.          0.        ]
molch: [-0.63621514  0.          0.        ]
moment: [ 0.  0.  0.]
mond: [ 0.  0.  0.]
mono: [ 0.  0.  0.]
moor: [ 0.  0.  0.]
mops: [ 0.  0.  0.]
moral: [ 0.77739917  0.          0.        ]
mord: [-0.97711171  0.          0.        ]
morphium: [ 0.  0.  0.]
moskito: [ 0.  0.  0.]
muffe: [-0.62813591  0.          0.        ]
multi: [ 0.  0.  0.]
mund: [ 0.  0.  0.]
munter: [ 0.89944495  0.          0.        ]
musik: [ 0.03684535  0.          0.        ]
muskel: [-0.04590391  0.          0.        ]
mut: [ 0.8004122 -0.4227041  0.       ]
mutter: [ 0.  0.  0.]
mysterium: [-0.77739917  0.          0.        ]
mädchen: [ 0.  0.  0.]
märtyrer: [ 0.  0.  0.]
mäßig: [-0.73541584  0.58758324  0.        ]
möglich: [ 0.28132108  0.          0.        ]
mücke: [ 0.  0.  0.]
müde: [-0.46414519  0.          0.        ]
mühe: [-0.45105868  0.          0.        ]
mühle: [-0.18840343  0.          0.        ]
müll: [-0.58283229  0.          0.        ]
nachahmen: [ 0.  0.  0.]
nachholen: [-0.19487811  0.          0.        ]
nachlass: [ 0.         -0.64533418  0.        ]
nachsorgen: [ 0.  0.  0.]
nacht: [ 0.          0.00301556  0.        ]
nachtundnebel: [ 0.  0.  0.]
nachwuchs: [ 0.19378795  0.          0.        ]
nacken: [ 0.  0.  0.]
nagel: [ 0.  0.  0.]
nahe: [ 0.95850018 -0.20425099  0.        ]
nahrungsmittel: [ 0.  0.  0.]
naht: [-0.26232533  0.          0.        ]
name: [ 0.  0.  0.]
narbe: [-0.79505508  0.          0.        ]
narr: [ 0.  0.  0.]
nase: [-0.03270586  0.          0.        ]
natur: [ 0.12791722  0.          0.        ]
nazist: [ 0.  0.  0.]
nebel: [-0.7429796  0.         0.       ]
neben: [ 0.  0.  0.]
nehmen: [ 0.  0.  0.]
neid: [-1.03739822  0.          0.        ]
neigen: [ 0.7429796  0.         0.       ]
nennen: [ 0.08849007  0.          0.        ]
neo: [-0.34839382  0.          0.        ]
nerv: [ 0.  0.  0.]
nessel: [-0.77739917  0.          0.        ]
netz: [ 0.  0.  0.]
neu: [ 0.14517699 -0.46466935  0.        ]
neuron: [ 0.  0.  0.]
neurose: [-0.89733702  0.          0.        ]
nicht: [-0.6351789 -0.7006448  0.       ]
nichts: [-0.72130717 -0.57924223  0.        ]
niederlage: [-1.27800024  0.          0.        ]
niederlassen: [ 0.  0.  0.]
niederlegen: [ 0.  0.  0.]
niederschlag: [ 0.  0.  0.]
niere: [-0.12655686  0.          0.        ]
nikotin: [ 0.  0.  0.]
nische: [ 0.  0.  0.]
niveau: [ 0.59872526  0.          0.        ]
normal: [ 0.29880327  0.          0.        ]
not: [-0.65877785 -0.07720602  0.        ]
note: [ 0.  0.  0.]
null: [ 0.  0.  0.]
nutz: [ 0.  0.  0.]
nutzen: [ 0.61975543 -0.06258393  0.        ]
oase: [ 0.77739917  0.          0.        ]
obdach: [ 0.  0.  0.]
ober: [ 0.21819554  0.          0.        ]
oberfläche: [ 0.  0.  0.]
obig: [ 0.00121042  0.          0.        ]
objekt: [ 0.         0.0030479  0.       ]
obrigkeit: [ 0.  0.  0.]
ochse: [-0.18840343  0.          0.        ]
ofen: [-0.14659976 -0.00363966  0.        ]
offen: [ 0.29521439  0.          0.        ]
offensive: [-0.66106873 -0.0034178   0.        ]
offizier: [ 0.  0.  0.]
oh: [ 0.  0.  0.]
ohnmacht: [-0.92157554  0.          0.        ]
ohr: [-0.41909821  0.          0.        ]
oldtimer: [ 0.  0.  0.]
omni: [ 0.15187376  0.          0.        ]
opfer: [-0.7429796  0.         0.       ]
optik: [ 0.  0.  0.]
optimieren: [ 0.  0.  0.]
ordnen: [ 0.7429796  0.         0.       ]
organisieren: [ 0.10905637  0.01136542  0.        ]
orientieren: [ 0.         0.1155116  0.       ]
original: [ 0.  0.  0.]
ort: [-0.27688045  0.          0.        ]
osten: [ 0.  0.  0.]
outfit: [ 0.  0.  0.]
packen: [ 0.  0.  0.]
palast: [ 0.02403428  0.          0.        ]
panik: [-0.9682867  0.         0.       ]
pantine: [ 0.  0.  0.]
pantoffel: [ 0.  0.  0.]
papier: [-0.01051768  0.          0.        ]
papp: [ 0.  0.  0.]
paradies: [ 0.77739917  0.          0.        ]
paranoia: [-0.92157554  0.          0.        ]
paranoid: [-0.92157554  0.          0.        ]
parasit: [-0.77739917  0.          0.        ]
partei: [-0.32372899 -0.05055942  0.        ]
partisan: [ 0.  0.  0.]
partner: [ 0.18840398  0.          0.        ]
patt: [-0.38869959  0.          0.        ]
pauke: [-0.59985564  0.          0.        ]
pause: [-0.85200058  0.          0.        ]
pausen: [ 0.  0.  0.]
pelz: [ 0.  0.  0.]
periode: [-0.18840212  0.          0.        ]
peripher: [ 0.  0.  0.]
peritoneum: [ 0.  0.  0.]
person: [ 0.         0.0934565  0.       ]
personal: [-0.18081718  0.          0.        ]
personality: [-0.08608041  0.          0.        ]
perspektiv: [ 0.  0.  0.]
perspektive: [ 0.  0.  0.]
petersilie: [ 0.  0.  0.]
pfahl: [ 0.  0.  0.]
pfeiler: [ 0.24470892  0.          0.        ]
pflanze: [ 0.  0.  0.]
pflegen: [ 0.83370102 -0.24935096  0.        ]
pflicht: [-0.15975003  0.19312467  0.        ]
phantom: [ 0.  0.  0.]
phobie: [-0.92157554  0.          0.        ]
physio: [ 0.  0.  0.]
pietät: [ 0.77739917  0.          0.        ]
pilz: [-0.74989013  0.          0.        ]
pingpong: [ 0.  0.  0.]
plage: [-1.27800024  0.          0.        ]
plagen: [-0.89733702  0.          0.        ]
plan: [ 0.  0.  0.]
planen: [-0.63900012  0.          0.        ]
plappern: [-0.77739917  0.          0.        ]
platte: [-0.39274508  0.          0.        ]
platz: [ 0.          0.15790872  0.        ]
plaudern: [ 0.  0.  0.]
plombe: [ 0.  0.  0.]
plus: [ 0.  0.  0.]
pocke: [-0.33885434  0.          0.        ]
poesie: [ 0.12447793  0.          0.        ]
pogrom: [-0.89733702  0.          0.        ]
pokal: [ 0.  0.  0.]
pol: [-0.57253696  0.          0.        ]
polieren: [ 0.95850018  0.          0.        ]
politik: [ 0.          0.07707214  0.        ]
polizei: [ 0.  0.  0.]
pollen: [ 0.  0.  0.]
polyp: [-0.89733702  0.          0.        ]
position: [ 0.  0.  0.]
post: [ 0.  0.  0.]
posten: [ 0.  0.  0.]
potent: [ 0.7240178   0.16758342  0.        ]
potenz: [ 0.  0.  0.]
potenzial: [ 0.          0.08166547  0.        ]
pott: [ 0.  0.  0.]
pracht: [ 0.76924357  0.          0.        ]
praxis: [ 0.92449889  0.          0.        ]
predigen: [ 0.        -0.1640969  0.       ]
preis: [ 0.57209425 -0.32691757  0.        ]
preisen: [ 0.89944495  0.          0.        ]
prellen: [-0.62813591  0.          0.        ]
presse: [ 0.  0.  0.]
prestige: [ 1.27800024  0.          0.        ]
prinzip: [ 0.52402075  0.          0.        ]
probe: [ 0.         -0.39041722  0.        ]
probieren: [ 0.  0.  0.]
problem: [-1.03139041  0.          0.        ]
produkt: [ 0.          0.14947146  0.        ]
produzieren: [ 0.11216779  0.          0.        ]
profil: [ 0.  0.  0.]
programm: [ 0.31504333  0.          0.        ]
prozess: [ 0.  0.  0.]
prunk: [ 0.62813591  0.          0.        ]
prä: [-0.7197654  0.         0.       ]
prächtig: [ 0.88819279  0.          0.        ]
präferenz: [ 0.77739917  0.          0.        ]
präsent: [ 0.62813591  0.          0.        ]
präsident: [ 0.  0.  0.]
prüfen: [ 0.  0.  0.]
prügeln: [-0.7429796  0.         0.       ]
pseudo: [ 0.  0.  0.]
psyche: [ 0.  0.  0.]
publikum: [ 0.00023343  0.          0.        ]
punkt: [ 0.03520601 -0.13566693  0.        ]
putsch: [-0.89733702  0.          0.        ]
putzen: [ 0.  0.  0.]
puzzle: [ 0.  0.  0.]
qual: [-0.73146912  0.          0.        ]
qualifizieren: [ 0.          0.15624145  0.        ]
qualität: [ 0.56547143  0.          0.        ]
quarz: [ 0.  0.  0.]
quetschen: [-0.62813591  0.          0.        ]
quick: [ 0.  0.  0.]
quietschen: [ 0.  0.  0.]
quote: [ 0.          0.26441848  0.        ]
quälen: [-1.16305781  0.          0.        ]
rache: [-1.24838396  0.          0.        ]
radikal: [-1.04489416  0.          0.        ]
raffen: [ 0.  0.  0.]
rahmen: [ 0.  0.  0.]
rakete: [ 0.  0.  0.]
rammen: [ 0.  0.  0.]
rand: [ 0.  0.  0.]
rang: [ 0.21147885  0.          0.        ]
rappeln: [ 0.  0.  0.]
rasse: [-0.35999378  0.          0.        ]
rast: [ 0.  0.  0.]
rat: [ 0.46336903  0.          0.        ]
rate: [ 0.          0.19291359  0.        ]
raten: [ 0.  0.  0.]
rau: [-0.62813591  0.          0.        ]
raub: [-0.66106873  0.          0.        ]
rauben: [ 0.  0.  0.]
rauch: [-0.76680014  0.          0.        ]
rauchen: [ 0.  0.  0.]
raum: [ 0.45883504 -0.27278712  0.        ]
rausch: [-0.10672627  0.27052407  0.        ]
rauschen: [ 0.  0.  0.]
raute: [ 0.  0.  0.]
reagieren: [ 0.          0.11561038  0.        ]
real: [ 0.44866851  0.          0.        ]
rechen: [ 0.  0.  0.]
rechenschaft: [-0.05748445  0.          0.        ]
rechnen: [ 0.  0.  0.]
recht: [ 0.30733076  0.12057945  0.24917594]
rechts: [-0.46453771  0.          0.        ]
reden: [-0.87862516  0.06291795  0.        ]
reduzieren: [ 0.1757847  0.         0.       ]
reflektieren: [ 0.62813591 -0.08266176  0.        ]
reflex: [-0.44866851  0.          0.        ]
reform: [ 0.62813591 -0.42849399  0.        ]
regel: [ 0.  0.  0.]
regeln: [ 0.21300047 -0.0833024   0.        ]
regen: [ 0.          0.43513248  0.        ]
regenerieren: [ 0.62813591  0.          0.        ]
regie: [ 0.  0.  0.]
regieren: [ 0.24579331 -0.38489603  0.        ]
regress: [-0.77739917  0.          0.        ]
regulieren: [ 0.  0.  0.]
reha: [ 0.  0.  0.]
rehabilitieren: [ 0.66029258  0.          0.        ]
reiben: [-0.47925009 -0.83749776  0.        ]
reich: [ 0.72550442 -0.35520377  0.        ]
reichen: [ 0.38340007  0.          0.        ]
reichtum: [ 0.77739917 -0.3782507   0.        ]
reif: [ 0.52309701  0.18133368  0.        ]
reife: [ 0.89733702  0.24865366  0.        ]
rein: [ 0.57595428  0.          0.        ]
reinigen: [ 0.25390845  0.          0.        ]
reisen: [ 0.10563698  0.          0.        ]
reiz: [ 0.77292449  0.16612535  0.        ]
reizen: [ 0.77739917  0.          0.        ]
reißen: [-0.63900012  0.          0.        ]
rekord: [ 0.  0.  0.]
religion: [ 0.  0.  0.]
rente: [ 0.41047237  0.          0.        ]
reparieren: [ 0.19661522  0.          0.        ]
reprimieren: [ 0.  0.  0.]
repräsentieren: [ 0.  0.  0.]
respekt: [ 0.71222422  0.          0.        ]
ressentiment: [-0.89733702  0.          0.        ]
rest: [-0.50299723  0.          0.        ]
retoure: [ 0.  0.  0.]
retten: [ 0.46336903  0.          0.        ]
reue: [-0.07810585  0.          0.        ]
rezept: [ 0.31871366  0.          0.        ]
rhythmus: [-0.09310345  0.          0.        ]
richten: [ 0.36763647  0.          0.        ]
richtig: [ 0.31555929  0.          0.        ]
riechen: [ 0.          0.02686123  0.        ]
riemen: [ 0.00430927  0.          0.        ]
riese: [ 0.  0.  0.]
rind: [-0.77739917  0.          0.        ]
ring: [ 0.  0.  0.]
rippe: [ 0.  0.  0.]
risiko: [-1.27800024 -0.08027597  0.        ]
ritter: [ 0.73332096  0.          0.        ]
roden: [ 0.          0.03998144  0.        ]
roh: [-0.80878302  0.          0.        ]
rollen: [ 0.0817444  0.         0.       ]
rose: [ 0.          0.19111228  0.        ]
ross: [-0.4175853  0.         0.       ]
rost: [ 0.  0.  0.]
rosten: [ 0.  0.  0.]
rot: [ 0.         -0.10881669  0.        ]
routine: [ 0.66989186  0.          0.        ]
rufen: [ 0.          0.11287388  0.        ]
ruhe: [ 0.75210518  0.          0.        ]
ruhm: [ 0.51120009  0.          0.        ]
rummel: [ 0.  0.  0.]
run: [-0.12863791  0.          0.        ]
runzel: [ 0.  0.  0.]
rute: [ 0.  0.  0.]
ränke: [-0.89733702  0.          0.        ]
räuchern: [-0.23611611  0.          0.        ]
rösten: [ 0.  0.  0.]
röten: [ 0.  0.  0.]
rück: [ 0.  0.  0.]
rücken: [ 0.  0.  0.]
rücksicht: [ 0.23704548  0.          0.        ]
rügen: [-0.92157554  0.          0.        ]
rühren: [ 0.73345935  0.          0.        ]
rüsten: [-0.7429796  0.         0.       ]
sache: [ 0.  0.  0.]
sack: [ 0.  0.  0.]
saft: [ 0.12320672  0.          0.        ]
sagen: [-0.52307527  0.00956937  0.        ]
salmonelle: [ 0.  0.  0.]
same: [-0.2097484  -0.53410947  0.        ]
samt: [ 0.  0.  0.]
sand: [ 0.  0.  0.]
sanieren: [ 0.74681255  0.          0.        ]
sanktion: [-0.89733702  0.          0.        ]
satt: [ 0.75120894  0.          0.        ]
sau: [ 0.          0.10549692  0.        ]
sauber: [ 1.00112047  0.          0.        ]
saugen: [ 0.  0.  0.]
sausen: [ 0.  0.  0.]
schacht: [ 0.  0.  0.]
schaden: [-0.96843728  0.          0.        ]
schaffen: [-0.52539996  0.          0.        ]
schale: [-0.44849451  0.          0.        ]
schall: [ 0.13564546  0.          0.        ]
schalten: [-0.92945507  0.          0.        ]
scham: [-1.04271449  0.          0.        ]
schande: [-0.82945283  0.          0.        ]
schanze: [ 0.  0.  0.]
scharf: [ 0.41385352  0.          0.        ]
schatten: [-0.29492284  0.          0.        ]
schatz: [ 0.76274469 -0.12502568  0.        ]
schauder: [-0.62813591  0.          0.        ]
schauen: [ 0.  0.  0.]
schaufel: [ 0.  0.  0.]
schauspiel: [ 0.05477679  0.          0.        ]
scheibe: [ 0.  0.  0.]
scheide: [ 0.  0.  0.]
scheiden: [-0.70769684  0.          0.        ]
schein: [ 0.7429796  0.         0.       ]
scheiße: [ 0.  0.  0.]
schenkel: [ 0.  0.  0.]
scheu: [-0.68857753  0.          0.        ]
scheuchen: [ 0.  0.  0.]
schicksal: [-1.27800024  0.          0.        ]
schief: [-0.91285768  0.          0.        ]
schiene: [ 0.10381111  0.          0.        ]
schießen: [-1.11825021  0.          0.        ]
schiff: [-0.52133117  0.06443532  0.        ]
schild: [ 0.  0.  0.]
schimmer: [ 0.77739917  0.          0.        ]
schirm: [ 0.18840365  0.          0.        ]
schlacht: [-0.7429796  0.         0.       ]
schlafen: [ 0.  0.  0.]
schlaff: [-0.68430331  0.          0.        ]
schlagen: [-0.35784007  0.16365196  0.        ]
schlamm: [-0.63900012  0.          0.        ]
schlange: [ 0.         0.0341247  0.       ]
schlapp: [-0.33286282  0.          0.        ]
schlau: [ 0.8413238   0.11031471  0.        ]
schlecht: [-1.19644401  0.          0.        ]
schleim: [-0.77739917  1.10929766  0.        ]
schleuder: [ 0.  0.  0.]
schließen: [ 0.16288241  0.22537465  0.        ]
schlitz: [ 0.  0.  0.]
schloss: [-0.26163321  0.          0.        ]
schlucken: [ 0.  0.  0.]
schlüpfen: [ 0.18840328  0.          0.        ]
schlüssel: [ 0.21607637  0.          0.        ]
schlüssig: [ 0.70221915  0.          0.        ]
schmach: [-0.89733702  0.          0.        ]
schmal: [ 0.  0.  0.]
schmaus: [ 0.33885417  0.          0.        ]
schmecken: [ 0.47749412  0.          0.        ]
schmerz: [-0.66259076  0.32421901  0.        ]
schmettern: [ 0.  0.  0.]
schmiede: [ 0.  0.  0.]
schmieden: [-0.5787678  0.         0.       ]
schmieren: [ 0.  0.  0.]
schmollen: [-0.71070811  0.          0.        ]
schmuggel: [-0.66106873  0.          0.        ]
schmutz: [-0.60141158  0.          0.        ]
schmähen: [-0.89733702  0.          0.        ]
schnauben: [ 0.  0.  0.]
schnauze: [ 0.  0.  0.]
schneiden: [-0.51986494  0.          0.        ]
schnell: [ 0.5107119  0.         0.       ]
schnupfen: [-0.44866851  0.          0.        ]
schnörkel: [-0.7429796  0.         0.       ]
schock: [-0.76966887 -0.02089679  0.        ]
schonen: [ 0.44866851  0.          0.        ]
schorf: [-0.89733702  0.          0.        ]
schotter: [ 0.  0.  0.]
schranke: [-0.29270757  0.          0.        ]
schraube: [-0.03158112  0.          0.        ]
schreck: [-0.74315153  0.          0.        ]
schrecken: [-1.1169242  0.         0.       ]
schreiben: [ 0.          0.08914355  0.        ]
schreien: [-0.91476073  0.          0.        ]
schreiten: [ 0.18840364  0.          0.        ]
schräg: [ 0.  0.  0.]
schuh: [ 0.  0.  0.]
schuld: [-1.06150766  0.          0.        ]
schulden: [-0.62813591  0.          0.        ]
schuldner: [ 0.  0.  0.]
schule: [ 0.  0.  0.]
schulter: [ 0.  0.  0.]
schuppe: [ 0.  0.  0.]
schuster: [ 0.  0.  0.]
schwach: [-1.16778325 -0.0450513   0.        ]
schwall: [ 0.  0.  0.]
schwanger: [ 0.  0.  0.]
schwanken: [-0.34080049 -0.37643469  0.        ]
schwanz: [-0.59010078  0.          0.        ]
schweigen: [ 0.  0.  0.]
schwein: [ 0.  0.  0.]
schwelen: [ 0.  0.  0.]
schwelle: [-0.54762856 -0.06889553  0.        ]
schwer: [-0.49075617  0.          0.        ]
schwierig: [-0.61521603  0.          0.        ]
schwimmen: [ 0.  0.  0.]
schwindel: [-0.89733702  0.          0.        ]
schwinden: [-0.77739917  0.          0.        ]
schwänzen: [-0.62813591  0.          0.        ]
schädel: [ 0.        0.055903  0.      ]
schädigen: [-0.89733702  0.          0.        ]
schädlich: [-1.55327211  0.          0.        ]
schätzen: [ 0.48945274  0.          0.        ]
schön: [ 0.61809251  0.          0.        ]
schürfen: [ 0.15511341  0.          0.        ]
schütteln: [-1.02240019  0.          0.        ]
schützen: [ 0.83258975 -0.32642737  0.        ]
see: [ 0.  0.  0.]
seele: [ 0.32762216  0.          0.        ]
segen: [ 1.24344465  0.          0.        ]
sehen: [-0.59676349  1.08109222  0.        ]
sehne: [ 0.  0.  0.]
sehnsucht: [ 0.7429796  0.         0.       ]
sein: [-0.29723666  0.17009518  0.        ]
seite: [-0.16817433  0.21218933  0.        ]
selbst: [-0.14822318 -0.11809537  0.        ]
selbstmord: [-0.92157554  0.          0.        ]
selig: [ 1.1169242  -1.59648983  0.        ]
senden: [ 0.  0.  0.]
senken: [-1.27800024 -0.69310663  0.        ]
sensation: [ 0.  0.  0.]
sesshaft: [ 0.  0.  0.]
setzen: [ 0.  0.  0.]
seuche: [-0.89733702  0.          0.        ]
sex: [-0.20767252  0.0038594   0.        ]
sich: [ 0.  0.  0.]
sicher: [ 0.7917508  -0.39722199  0.        ]
sichern: [ 0.46415398 -0.32562708  0.        ]
sieben: [ 0.  0.  0.]
sieg: [ 0.77739917  0.          0.        ]
siegen: [ 0.7429796  0.         0.       ]
signal: [ 0.          0.36756549  0.        ]
silbe: [ 0.  0.  0.]
silber: [ 0.15460819  0.          0.        ]
sinn: [ 0.46279747  0.          0.        ]
sinnen: [ 0.  0.  0.]
sitte: [ 0.17391275  0.          0.        ]
situation: [ 0.  0.  0.]
situieren: [ 0.  0.  0.]
sitz: [ 0.  0.  0.]
sitzen: [ 0.  0.  0.]
skandal: [-1.0548891  0.         0.       ]
sklave: [ 0.         -0.65634149  0.        ]
sklera: [ 0.         0.0252004  0.       ]
skorpion: [-0.28708447  0.          0.        ]
skrupel: [-0.77739917  0.          0.        ]
societas: [-0.78359082  0.          0.        ]
solid: [ 0.46336903  0.          0.        ]
solidarisch: [ 0.66029258  0.          0.        ]
sollen: [ 0.  0.  0.]
sommer: [ 0.09133503 -0.28215062  0.        ]
sonne: [ 0.42078287  0.          0.        ]
sorgen: [-0.50790118  0.          0.        ]
sorgfalt: [ 1.27800024 -1.5200735   0.        ]
sorte: [ 0.  0.  0.]
spalten: [-0.7429796  0.         0.       ]
span: [ 0.  0.  0.]
spannen: [-0.27385756  0.20348906  0.        ]
sparen: [ 0.         -0.27863164  0.        ]
speck: [-0.39085558  0.          0.        ]
spektakel: [ 0.62813591  0.          0.        ]
spenden: [ 0.24089675  0.          0.        ]
sperren: [-0.89944495  0.          0.        ]
spiegeln: [-0.26163321  0.          0.        ]
spielen: [-0.52882755  0.12559237  0.        ]
spieß: [ 0.  0.  0.]
spindel: [ 0.  0.  0.]
spinne: [ 0.  0.  0.]
spionieren: [-0.89733702  0.          0.        ]
spitz: [ 0.15299133  0.          0.        ]
spitze: [ 0.86131603  0.          0.        ]
sport: [ 0.  0.  0.]
spott: [-0.96445898  0.          0.        ]
sprache: [ 0.  0.  0.]
sprechen: [ 0.         -0.03106192  0.        ]
sprengen: [ 0.          0.16454499  0.        ]
springen: [-0.63900012  0.          0.        ]
spule: [ 0.         -0.11309187  0.        ]
spur: [-0.79875015  0.          0.        ]
sputtern: [ 0.  0.  0.]
spät: [-0.66389684  0.          0.        ]
spüren: [ 0.  0.  0.]
staat: [ 0.625165   -0.24562665  0.        ]
stab: [ 0.         -0.71513625  0.        ]
stabil: [ 0.62314687  0.          0.        ]
stachel: [-0.77739917  0.          0.        ]
stadt: [ 0.  0.  0.]
stahl: [ 0.  0.  0.]
stall: [-0.19583244  0.          0.        ]
stamm: [-0.18840342  0.          0.        ]
stampfen: [ 0.  0.  0.]
stand: [ 0.42599965  0.34718192  0.        ]
stange: [ 0.  0.  0.]
stark: [ 0.16385368  0.11214601  0.        ]
starr: [-0.63900012  0.          0.        ]
start: [ 0.  0.  0.]
station: [ 0.  0.  0.]
statt: [ 0.  0.  0.]
staub: [-0.67359479  0.          0.        ]
staunen: [ 0.77292449  0.          0.        ]
stechen: [-0.13087243  0.4655487   0.        ]
stehen: [-0.26240783  0.          0.        ]
steif: [-0.44866851  0.          0.        ]
steigern: [ 0.00873473  0.16481158  0.        ]
steil: [-0.63900012  0.          0.        ]
stein: [-0.02470248  0.19580137  0.        ]
stelle: [-0.36659174  0.          0.        ]
stellen: [ 0.01808611  0.          0.        ]
sterben: [-0.85120863  0.          0.        ]
stern: [ 0.28223868  0.          0.        ]
steuer: [-0.16247329  0.          0.        ]
steuern: [ 0.53955134  0.15217022  0.        ]
stichel: [ 0.  0.  0.]
stief: [ 0.  0.  0.]
stier: [-0.89733702  0.          0.        ]
stiften: [ 0.  0.  0.]
stil: [ 0.25916188  0.          0.        ]
stimme: [ 0.18412239  0.          0.        ]
stimmen: [ 0.53734159  0.          0.        ]
stinken: [-0.79114349 -0.00847137  0.        ]
stirn: [-0.42193742  0.          0.        ]
stock: [-0.61448291  0.          0.        ]
stoff: [-0.37447497  0.          0.        ]
stoßen: [-0.18257128 -0.30047312  0.        ]
strafe: [-1.24344465  0.          0.        ]
strafen: [-0.92157554  0.          0.        ]
strahl: [ 0.0813285   0.00065753  0.        ]
stramm: [-0.44866851  0.          0.        ]
strauch: [ 0.  0.  0.]
straße: [ 0.24415566  0.          0.        ]
streich: [-0.77739917 -0.16395048  0.        ]
streichen: [-0.43135  0.       0.     ]
streifen: [-1.27800024  0.          0.        ]
streik: [-0.46414519  0.          0.        ]
streiten: [-0.86631654  0.          0.        ]
streng: [-0.6032942  0.         0.       ]
stress: [-0.46414519  0.          0.        ]
strick: [-0.31117453  0.          0.        ]
stroh: [-0.02184659  0.          0.        ]
strom: [ 0.20087611  0.017947    0.        ]
strähne: [ 0.  0.  0.]
sträuben: [-0.79505508  0.          0.        ]
studie: [ 0.  0.  0.]
studium: [ 0.89733702  0.          0.        ]
stufe: [ 0.  0.  0.]
stuhl: [ 0.  0.  0.]
stumm: [-0.62813591 -0.00949384  0.        ]
stumpf: [-0.7100007  0.         0.       ]
stups: [-0.77739917  0.          0.        ]
sturm: [-0.7429796   0.55483499  0.        ]
stutz: [ 0.  0.  0.]
stutzen: [-0.19809897  0.          0.        ]
ständig: [-0.85974526  0.          0.        ]
stören: [-0.37026223 -0.30219567  0.        ]
stück: [-0.02626176  0.28136198  0.        ]
stürzen: [-0.84802442  0.          0.        ]
stütze: [ 0.  0.  0.]
sucht: [-0.99646356  0.          0.        ]
suizid: [-0.89733702  0.          0.        ]
super: [ 1.00238559  0.          0.        ]
symmetrie: [-0.18840344  0.          0.        ]
sympathie: [ 0.66029258  0.          0.        ]
syndrom: [-0.77739917  0.          0.        ]
system: [ 0.53285057  0.          0.        ]
szene: [ 0.  0.  0.]
säugen: [ 0.  0.  0.]
süchtig: [-0.97858928 -0.03419612  0.        ]
sünde: [-0.79505508  0.          0.        ]
tabelle: [ 0.  0.  0.]
tablette: [ 0.  0.  0.]
tabu: [-0.92157554  0.          0.        ]
tadel: [-0.77292449  0.          0.        ]
tadeln: [-0.77324785 -0.16129284  0.        ]
tafel: [ 0.  0.  0.]
tag: [ 0.  0.  0.]
tagen: [ 0.  0.  0.]
takt: [ 0.50064184  0.          0.        ]
talent: [ 0.98161964  0.          0.        ]
tanz: [ 0.63900012  0.23093402  0.        ]
tasche: [-0.57927211  0.          0.        ]
taste: [ 0.18840371  0.          0.        ]
tat: [ 0.  0.  0.]
tau: [-0.00121042  0.          0.        ]
taub: [-1.24344465  0.          0.        ]
tauglich: [ 0.46336903  0.          0.        ]
taumel: [ 0.          0.04097358  0.        ]
team: [ 0.40492685  0.          0.        ]
technik: [ 0.07640874  0.          0.        ]
teil: [ 0.25523607  0.03128441  0.        ]
teilnehmen: [ 0.  0.  0.]
temperament: [ 0.12448457  0.          0.        ]
temperatur: [-0.00098849  0.          0.        ]
tempo: [ 0.  0.  0.]
territorium: [ 0.  0.  0.]
terror: [-0.66106873  0.          0.        ]
teufel: [-0.99400047  0.          0.        ]
theater: [ 0.          0.01832497  0.        ]
theorie: [ 0.  0.  0.]
therapie: [ 0.62813591 -0.3039505   0.        ]
these: [ 0.  0.  0.]
thrombus: [-0.4480893  0.         0.       ]
thron: [-0.22636634  0.          0.        ]
tief: [ 0.          0.29969881  0.        ]
tier: [ 0.          0.07118621  0.        ]
tisch: [ 0.  0.  0.]
titel: [ 0.  0.  0.]
toast: [ 0.  0.  0.]
tod: [-0.72403409 -0.11472359  0.15304711]
toffee: [ 0.  0.  0.]
toll: [ 0.92808646  0.          0.        ]
ton: [-0.11966294  0.          0.        ]
top: [ 0.73339833  0.          0.        ]
topf: [ 0.  0.  0.]
tor: [ 0.  0.  0.]
tot: [-0.81969486  0.          0.        ]
toter: [-0.64785548  0.          0.        ]
tour: [ 0.  0.  0.]
tradition: [ 0.63900012  0.          0.        ]
tragen: [-0.46946955 -0.1797541   0.        ]
tramp: [ 0.  0.  0.]
trampel: [ 0.  0.  0.]
translatieren: [ 0.  0.  0.]
tratschen: [-0.44866851  0.          0.        ]
trauer: [-0.66106873  0.          0.        ]
traum: [ 0.71887513 -0.0204513   0.        ]
trauma: [-0.66106873  0.          0.        ]
traurig: [-0.90880516  0.          0.        ]
treffen: [ 0.          0.05615652  0.        ]
treiben: [-0.28399977  0.          0.        ]
trend: [ 0.  0.  0.]
trennen: [-0.86975909  0.          0.        ]
treten: [ 0.20724307  0.          0.        ]
treu: [ 0.75738574 -0.22129591  0.        ]
trichter: [ 0.  0.  0.]
trick: [-0.63900012  0.          0.        ]
trinken: [ 0.  0.  0.]
triumph: [ 0.78811827  0.          0.        ]
trocken: [ 0.  0.  0.]
trommel: [ 0.31948409  0.          0.        ]
tropfen: [ 0.  0.  0.]
trost: [ 0.74763059  0.          0.        ]
trotz: [-0.76203703  0.          0.        ]
trug: [-0.89733702  0.          0.        ]
trunk: [ 0.  0.  0.]
trunken: [-0.92157554  0.74410413  0.        ]
truppe: [ 0.42312476 -0.08677219  0.        ]
trächtig: [ 0.16778595  0.03254523  0.        ]
träumen: [-0.18840716  0.          0.        ]
trüb: [-0.52816565 -0.04572833  0.        ]
tuberculum: [ 0.          0.03367576  0.        ]
tumor: [-0.89733702  0.          0.        ]
tumult: [-0.92157554  0.          0.        ]
tun: [ 0.  0.  0.]
tupf: [ 0.18840286  0.          0.        ]
tyrann: [-0.77739917  0.          0.        ]
täter: [ 0.  0.  0.]
tätig: [ 0.04482781  0.17729816  0.        ]
täuschen: [-1.07821589  0.          0.        ]
tönen: [-0.39108226  0.          0.        ]
töten: [-1.04372265  0.          0.        ]
tüchtig: [ 0.79505508  0.          0.        ]
ufer: [ 0.  0.  0.]
umlegen: [ 0.  0.  0.]
umranken: [ 0.  0.  0.]
umschalen: [ 0.  0.  0.]
umsetzen: [ 0.  0.  0.]
umweben: [ 0.30084171 -0.01028717  0.        ]
umwelt: [ 0.         0.4229567  0.       ]
unabhängig: [ 0.32213444  0.          0.        ]
unbuße: [-0.73862664  0.          0.        ]
uneigen: [ 0.  0.  0.]
unfall: [-1.27800024  0.          0.        ]
unfähig: [-1.31499684  0.          0.        ]
unglauben: [-1.07708553  0.          0.        ]
ungleich: [-0.63900012  0.          0.        ]
unglück: [-1.03314327  0.          0.        ]
unheil: [-0.89733702  0.          0.        ]
uni: [ 0.  0.  0.]
unlust: [-0.79505508  0.          0.        ]
unrein: [-0.79505508  0.          0.        ]
unruhe: [-0.78494226  0.          0.        ]
unsache: [-0.4837755  0.         0.       ]
unsicher: [-0.93541504  0.          0.        ]
untauglich: [-1.37650609  0.          0.        ]
unter: [-0.59175884  0.          0.        ]
unterbrechen: [-0.18848653  0.          0.        ]
untergehen: [-0.94790282  0.          0.        ]
unterhalten: [ 0.44866851  0.          0.        ]
unterlassen: [ 0.  0.  0.]
unterliegen: [-0.8832145  0.         0.       ]
unternehmen: [ 0.04909219  0.          0.        ]
unternehmensteuer: [ 0.  0.  0.]
unterrichten: [ 0.  0.  0.]
unterscheiden: [-0.31950006  0.          0.        ]
untersuchen: [ 0.  0.  0.]
untüchtig: [-0.62813591  0.          0.        ]
unwert: [-0.77739917  0.          0.        ]
unwille: [-0.62813591 -0.30900755  0.        ]
unwirksam: [-1.27800024  0.          0.        ]
unwohl: [ 0.  0.  0.]
unwürdig: [-1.06681096  0.          0.        ]
unzurechnen: [ 0.  0.  0.]
unzweck: [ 0.  0.  0.]
unzwei: [ 0.  0.  0.]
urkunde: [ 0.  0.  0.]
urlaub: [ 0.         -0.01530298  0.        ]
ursache: [-0.5142985  0.         0.       ]
urteil: [ 0.29492284  0.          0.        ]
variante: [ 0.  0.  0.]
vater: [ 0.  0.  0.]
vegetieren: [-0.89733702  0.          0.        ]
verabscheuen: [-0.92157554 -0.0177287   0.        ]
verachten: [-0.71264952  0.          0.        ]
veranstalten: [ 0.1072994  0.         0.       ]
verantworten: [-0.44866851  0.37850975  0.        ]
verantwortlich: [ 0.66133702  0.          0.        ]
verbessern: [ 0.3453197  -0.01987878  0.        ]
verbieten: [-1.26666159  0.          0.        ]
verbinden: [ 0.36505556  0.          0.        ]
verbrechen: [-0.89733702  0.          0.        ]
verbreiten: [-0.38828134  0.          0.        ]
verbrennen: [-0.62813591  0.          0.        ]
verdacht: [-0.63900012  0.          0.        ]
verdammen: [-0.78298143  0.          0.        ]
verdauen: [-0.62813591  0.          0.        ]
verderben: [-1.06305875  0.          0.        ]
verdienen: [ 0.29667881  0.          0.        ]
verdrießen: [-0.92157554  0.          0.        ]
verehren: [ 0.78811827  0.          0.        ]
verein: [ 0.  0.  0.]
vereinbaren: [ 0.27566209  0.          0.        ]
vereinigen: [ 0.  0.  0.]
vereitern: [-0.12323976  0.          0.        ]
verfahren: [ 0.  0.  0.]
verfassen: [ 0.24520431  0.          0.        ]
verfestigen: [ 0.  0.  0.]
verfolgen: [-0.50064184  0.          0.        ]
verfügen: [ 0.         -0.76776871  0.        ]
vergangenheit: [-0.63900012  0.          0.        ]
vergelten: [-0.66106873  0.          0.        ]
vergessen: [-0.62813591  0.          0.        ]
vergießen: [-0.89733702  0.          0.        ]
vergiften: [-0.8193362  0.         0.       ]
vergnügen: [ 0.72987602  0.          0.        ]
verhalten: [ 0.          0.05598808  0.        ]
verhandeln: [ 0.34856467 -0.3026871   0.        ]
verheißen: [ 0.62813591  0.          0.        ]
verhetzen: [-0.35752371  0.          0.        ]
verhältnis: [ 0.         -0.05816583  0.        ]
verhängnis: [-0.77739917  0.          0.        ]
verhüten: [ 0.04269768  0.          0.        ]
verjüngen: [ 0.  0.  0.]
verkalken: [ 0.          0.02520205  0.        ]
verkehr: [ 0.         -0.20685478  0.        ]
verkleiden: [ 0.  0.  0.]
verkrümmen: [ 0.  0.  0.]
verlegen: [-0.21300047  0.          0.        ]
verletzen: [-1.00713565  0.          0.        ]
verlieben: [ 0.89733702  0.          0.        ]
verlieren: [-0.83579714 -0.209172    0.        ]
verlies: [-0.18840341  0.          0.        ]
verlängern: [ 0.0736528  0.         0.       ]
vermehren: [-0.23736046  0.          0.        ]
vermögen: [ 0.62813591 -0.23815518  0.        ]
verneinen: [-0.44866851  0.          0.        ]
vernichtung: [-1.04558528  0.          0.        ]
vernunft: [ 0.78811827  0.          0.        ]
verrat: [-0.78854357  0.          0.        ]
versagen: [-0.89733702 -0.07177243  0.        ]
verschieden: [ 0.  0.  0.]
verschließen: [-0.62813591  0.          0.        ]
verschmutzen: [-0.29856691  0.          0.        ]
versichern: [ 0.66029258 -0.01053916  0.        ]
versorgen: [ 0.57726208 -0.00093048  0.        ]
verspannen: [ 0.  0.  0.]
versprechen: [ 0.62813591  0.          0.        ]
verstand: [ 0.41545754  0.          0.        ]
verstecken: [-0.42599965  0.          0.        ]
verstehen: [ 0.27782575 -0.22391564  0.        ]
verständnis: [-0.7429796  0.         0.       ]
verstärken: [ 0.  0.  0.]
verstümmeln: [-0.89733702  0.          0.        ]
versuchen: [-0.69377618  0.          0.        ]
verteidigen: [-0.17239482  0.          0.        ]
verteilen: [ 0.31136731 -0.00294987  0.        ]
vertrag: [ 0.  0.  0.]
vertragen: [ 0.62813591  0.          0.        ]
vertrauen: [ 0.9538245  0.         0.       ]
verwalten: [ 0.03934621  0.          0.        ]
verwandt: [ 0.22881192  0.          0.        ]
verweigern: [-0.89733702  0.          0.        ]
verweisen: [-0.84153782  0.          0.        ]
verwinden: [ 0.  0.  0.]
verwirren: [-0.79231619  0.          0.        ]
verwunden: [-0.95536816  0.          0.        ]
verwöhnen: [ 1.00286681  0.          0.        ]
verzerren: [-0.18840341  0.          0.        ]
verzinsen: [ 0.  0.  0.]
verzweifeln: [-0.66106873  0.          0.        ]
verändern: [ 0.28117636  0.          0.        ]
vetter: [-0.29672939  0.          0.        ]
viel: [ 0.385234   -0.54540342  0.        ]
vielfalt: [ 0.37150097  0.          0.        ]
virus: [ 0.  0.  0.]
vogel: [-0.34666513 -0.3772383   0.        ]
vokal: [ 0.  0.  0.]
volk: [ 0.         0.0484865  0.       ]
voll: [ 0.          0.17906564  0.        ]
vollenden: [ 0.14564064  0.          0.        ]
vollziehen: [ 0.  0.  0.]
vorbehalt: [-0.5228563  0.         0.       ]
vorbild: [ 0.15427565  0.          0.        ]
vorder: [ 0.  0.  0.]
vorfallen: [ 0.  0.  0.]
vorhang: [ 0.  0.  0.]
vormacht: [ 0.07810585  0.          0.        ]
vorrat: [ 0.  0.  0.]
vorrichten: [ 0.  0.  0.]
vorschlagen: [ 0.7429796  -0.61443311  0.        ]
vorschreiben: [-0.62813591 -2.35686638  0.        ]
vorsehen: [ 0.18257128  0.          0.        ]
vorsorgen: [ 0.74159454 -0.27873852  0.        ]
vorspannen: [ 0.  0.  0.]
vorspülen: [ 0.  0.  0.]
vorstehen: [ 0.  0.  0.]
vorstellen: [ 0.          0.07598157  0.        ]
vorteil: [ 0.64903563  0.          0.        ]
vortrag: [ 0.  0.  0.]
vorurteil: [-0.96864823  0.          0.        ]
vorwerfen: [-0.97211178  0.          0.        ]
votum: [ 0.  0.  0.]
vulkan: [ 0.  0.  0.]
völle: [-0.28029815  0.          0.        ]
wach: [ 0.62813591 -0.01108565  0.        ]
wachen: [ 0.  0.  0.]
wachsen: [ 0.46181876  0.          0.        ]
waffe: [-0.03450132 -0.03526314  0.        ]
wagen: [-0.35712052  0.          0.        ]
wahn: [-0.92157554 -0.02370415  0.        ]
wahnsinn: [-0.40357842  0.          0.        ]
wahr: [ 0.76926227  0.1138184   0.        ]
wahrscheinlich: [ 0.  0.  0.]
waise: [-0.77739917  0.          0.        ]
wald: [ 0.  0.  0.]
wand: [ 0.  0.  0.]
wandeln: [ 0.  0.  0.]
wange: [ 0.10865021  0.          0.        ]
wanze: [ 0.  0.  0.]
warm: [ 0.52163241  0.22291107  0.        ]
warnen: [-0.62813591  0.          0.        ]
waschen: [ 0.          0.24734248  0.        ]
wasser: [ 0.  0.  0.]
weben: [ 0.  0.  0.]
wechseln: [ 0.          0.03336685  0.        ]
weg: [ 0.2686641  0.         0.       ]
weh: [-1.00894796  0.0012896   0.        ]
wehr: [ 0.  0.  0.]
weib: [ 0.  0.  0.]
weiche: [ 0.  0.  0.]
weid: [ 0.  0.  0.]
weiden: [-0.77739917  0.          0.        ]
weile: [ 0.  0.  0.]
wein: [ 0.  0.  0.]
weinen: [-0.79786935  0.          0.        ]
weise: [ 0.72927801 -0.04233564  0.        ]
weisen: [-0.83070015  1.64699137  0.        ]
weit: [ 0.19194286  0.          0.        ]
welle: [ 0.  0.  0.]
wellness: [ 0.89733702  0.          0.        ]
welt: [ 0.12042831  0.00336262  0.        ]
wenden: [ 0.25560005 -0.7239107   0.        ]
werden: [ 0.          0.00146117  0.        ]
werfen: [ 0.  0.  0.]
werk: [-0.44982286  0.16016768  0.        ]
wermut: [ 0.  0.  0.]
wert: [ 0.49153806 -0.0190416   0.        ]
wesen: [ 0.          0.01328345  0.        ]
weste: [ 0.  0.  0.]
wettbewerb: [ 0.  0.  0.]
wetten: [ 0.  0.  0.]
wetter: [ 0.  0.  0.]
widersprechen: [-0.80293568  0.          0.        ]
widerstehen: [ 0.89733702 -0.62117463 -0.14552456]
widrig: [-0.68063702 -0.2688389   0.        ]
wiegen: [ 0.  0.  0.]
wild: [-0.68857753  0.          0.        ]
wille: [ 0.42599965 -0.21287299  0.        ]
willkür: [-0.89733702  0.          0.        ]
wind: [ 0.  0.  0.]
winkel: [ 0.  0.  0.]
wirken: [ 0.36117437  0.06164269  0.        ]
wirklich: [ 0.  0.  0.]
wirksam: [ 0.66133702  0.          0.        ]
wirren: [-0.89733702  0.          0.        ]
wirtschaft: [ 0.18008115  0.26858457  0.        ]
wischen: [-0.21055101  0.          0.        ]
wissen: [ 0.5923606  -1.17317934  0.        ]
witz: [ 0.66029258  0.          0.        ]
woche: [ 0.17566176  0.          0.        ]
wohl: [ 0.42733218 -0.36818855  0.        ]
wohlstand: [ 0.78811827  0.          0.        ]
wohnen: [ 0.47925009  0.          0.        ]
wolf: [ 0.  0.  0.]
wolke: [-0.92677212 -0.05656865  0.        ]
wonne: [ 0.89733702  0.          0.        ]
wort: [-0.59206463  0.07335028  0.        ]
wrack: [ 0.  0.  0.]
wrange: [ 0.  0.  0.]
wund: [-0.89733702  0.          0.        ]
wunde: [-0.89063828  0.02917152  0.5748036 ]
wunder: [ 0.28399977  0.23280793  0.        ]
wut: [-1.03723873  0.          0.        ]
wählen: [ 0.          0.05931574  0.        ]
währen: [ 0.14522736  0.          0.        ]
währung: [ 0.  0.  0.]
wünschen: [ 0.21086742 -0.07436043  0.        ]
würde: [ 0.42599965  0.          0.        ]
würdig: [ 0.73412407 -0.1346213   0.        ]
zahl: [ 0.21674069  0.          0.        ]
zahlen: [ 0.  0.  0.]
zahn: [-0.20569839  0.15947319  0.        ]
zank: [-0.79505508  0.          0.        ]
zart: [ 0.8430212  0.         0.       ]
zauber: [ 1.27800024  0.          0.        ]
zaudern: [-0.33286282  0.          0.        ]
zecke: [-0.28708447  0.          0.        ]
zeichen: [ 0.         -0.82009864  0.        ]
zeit: [-0.09910895  0.27755811  0.        ]
zelle: [ 0.  0.  0.]
zensur: [-0.99287385  0.          0.        ]
zentrum: [-0.16178805 -0.08048404  0.        ]
zerreißen: [-0.16704062 -0.51086295  0.        ]
zerren: [-0.24976579  0.          0.        ]
zerstören: [-0.61328665  0.          0.        ]
zetern: [-0.89733702  0.          0.        ]
zettel: [ 0.  0.  0.]
zeug: [ 0.  0.  0.]
zeuge: [ 0.  0.  0.]
zeugen: [ 0.  0.  0.]
ziehen: [-0.62540475  0.          0.        ]
ziel: [ 0.25113415  0.          0.        ]
ziffer: [ 0.  0.  0.]
zigarette: [ 0.  0.  0.]
zimmer: [ 0.  0.  0.]
zins: [ 0.13508  0.       0.     ]
zitrone: [ 0.  0.  0.]
zivil: [-0.77739917  0.          0.        ]
zoll: [-0.15095684  0.          0.        ]
zorn: [-1.24854345  0.          0.        ]
zucken: [-0.63900012  0.          0.        ]
zucker: [ 0.  0.  0.]
zuflucht: [ 0.  0.  0.]
zufrieden: [ 0.90907204  0.          0.        ]
zugeben: [ 0.33208667 -0.03196669  0.        ]
zugehörig: [ 0.  0.  0.]
zukunft: [ 0.41347726  0.          0.        ]
zulässig: [ 0.  0.  0.]
zunge: [-0.65989159  0.          0.        ]
zurechnen: [ 0.  0.  0.]
zurückgehen: [-0.52240853  0.          0.        ]
zurückstehen: [ 0.  0.  0.]
zusammenbrechen: [-0.97822398  0.          0.        ]
zusammengehörig: [ 0.  0.  0.]
zusammenhängen: [ 0.95850018  0.          0.        ]
zuschlagen: [ 0.  0.  0.]
zusetzen: [-1.24344465  0.          0.        ]
zustand: [-0.01438985  0.22687409  0.        ]
zuständig: [ 0.  0.  0.]
zuversicht: [ 0.53002112  0.          0.        ]
zweck: [ 0.75971946 -0.42118414  0.        ]
zwei: [ 0.  0.  0.]
zweifel: [-0.51714067  0.          0.        ]
zwerchfell: [ 0.  0.  0.]
zwerg: [ 0.  0.  0.]
zwicken: [ 0.  0.  0.]
zwingen: [-1.0064379  -0.19959853  0.        ]
zwinkern: [ 0.1884031  0.         0.       ]
zwischen: [ 0.  0.  0.]
zäh: [-1.1169242  0.         0.       ]
züchten: [ 0.  0.  0.]
zügel: [ 0.  0.  0.]
zünden: [-0.85200058  0.          0.        ]
ähnlich: [ 0.  0.  0.]
ätzen: [-1.27800024  0.          0.        ]
äußern: [ 0.  0.  0.]
ödem: [ 0.  0.  0.]
öl: [ 0.  0.  0.]
übel: [-1.01519174  0.          0.        ]
übereinstimmen: [ 0.  0.  0.]
überfallen: [-0.99180664  0.          0.        ]
übergehen: [-0.44866851  0.          0.        ]
überleben: [ 0.  0.  0.]
überlegen: [ 0.31950006  0.          0.        ]
übertragen: [ 0.  0.  0.]
übertreiben: [-0.57816654  0.          0.        ]
überzeugen: [ 0.78896494  0.          0.        ]
