[[ 0.6254323  0.         0.       ]
 [ 0.         0.         0.       ]
 [ 0.         0.         0.       ]]

[[ 0.78423567  0.          0.        ]
 [ 0.          0.          0.        ]
 [ 0.          0.          0.        ]]

[[[ 0.50378047  1.61748893  0.23215598]
  [ 0.          0.          0.        ]
  [ 1.74923683  0.7915546   0.        ]]

 [[ 0.          0.          0.        ]
  [ 0.          0.          0.        ]
  [ 0.          0.          0.        ]]

 [[ 0.          0.          0.        ]
  [ 0.          0.          0.        ]
  [ 0.          0.          0.        ]]]

-: [ 0.25411488  0.          0.        ]
Achilles: [ 0.  0.  0.]
Aller: [ 0.  0.  0.]
Balkan: [ 0.  0.  0.]
Bug: [-0.60393554  0.          0.        ]
Darwin: [ 0.          0.          0.06422231]
Franken: [ 0.59095894  0.          0.        ]
Job: [ 0.  0.  0.]
Johannes: [ 0.  0.  0.]
Kalmen: [ 0.  0.  0.]
Olymp: [ 0.  0.  0.]
Po: [ 0.  0.  0.]
Sisyphos: [ 0.  0.  0.]
Vietnam: [ 0.  0.  0.]
aal: [-0.507104  0.        0.      ]
abbauen: [-0.68993856  0.15985965  0.30483002]
abbild: [ 0.  0.  0.]
abbilden: [ 0.  0.  0.]
abbrechen: [-0.87862516  0.          0.        ]
abdecken: [-0.85200058  0.          0.        ]
abdrucken: [ 0.  0.  0.]
abenteuer: [ 0.          0.18229932  0.        ]
abfallen: [-0.68537919  0.25255085  0.        ]
abfangen: [ 0.  0.  0.]
abfließen: [ 0.  0.  0.]
abgas: [-0.77739917  0.          0.        ]
abgrund: [-0.77739917  0.          0.        ]
abhelfen: [ 0.62813591 -0.05856833  0.        ]
abhängig: [-0.53466113  0.          0.01757509]
abhören: [-0.81628637  0.          0.        ]
abladen: [ 0.  0.  0.]
ablaufen: [-0.85200058  0.          0.        ]
ablegen: [ 0.  0.  0.]
ablehnen: [-1.06231926  0.          0.        ]
ablenken: [-0.03210434  0.          0.        ]
abnehmen: [-0.42599965  0.          0.        ]
abnutzen: [-0.63900012  0.          0.        ]
abquetschen: [-0.60393554  0.          0.        ]
abrasiv: [-0.77739917  0.          0.        ]
abrieb: [ 0.04842571  0.          0.        ]
abrüsten: [-0.77739917  0.          0.        ]
abscheu: [-0.92157554  0.          0.        ]
abschlagen: [-0.62813591  0.          0.        ]
abschließen: [-0.11837971  0.          0.        ]
abschneiden: [-0.81327334  0.          0.        ]
abschrecken: [-0.58001748  0.          0.        ]
abschreiben: [ 0.  0.  0.]
abschürfen: [-0.62813591  0.          0.        ]
absetzen: [ 0.7429796  -1.25317733  0.        ]
absicht: [ 0.         -0.37132707  0.        ]
abstand: [ 0.  0.  0.]
absteigen: [-0.92285121  0.          0.        ]
abstinent: [ 0.89733702 -0.52298873  0.        ]
abstürzen: [ 0.  0.  0.]
abstützen: [ 0.77739917  0.          0.        ]
abtreiben: [ 0.  0.  0.]
abträglich: [ -7.77399173e-01   0.00000000e+00  -3.85129799e-04]
abwasser: [ 0.  0.  0.]
abwechseln: [ 0.         0.1409101  0.       ]
abwehr: [-0.77739917 -0.01846665  0.        ]
abwehren: [ 0.62813591  0.          0.        ]
abweichen: [-1.27800024  0.          0.        ]
abwesend: [-0.55119016  0.          0.        ]
abwärts: [-1.27800024  0.          0.        ]
abziehen: [-0.7429796  0.         0.       ]
achse: [ 0.  0.  0.]
achsel: [ 0.  0.  0.]
acht: [ 0.  0.  0.]
achten: [ 0.62813591  0.          0.        ]
action: [ 0.         -0.70286941  0.        ]
adaptieren: [ 0.  0.  0.]
ader: [ 0.          0.          0.07389499]
adressieren: [ 0.  0.  0.]
affe: [-0.85200058  0.          0.        ]
affekt: [ 0.  0.  0.]
agent: [-0.17884564  0.          0.        ]
aggressiv: [-1.06528262  0.          0.        ]
agieren: [ 0.06361233  0.          0.14224977]
agrar: [ 0.  0.  0.]
ahnen: [ 0.7429796  0.         0.       ]
aids: [-0.89733702  0.          0.        ]
akkommodieren: [ 0.  0.  0.]
akt: [ 0.          0.          0.11337924]
akte: [ 0.  0.  0.]
aktiv: [ 0.58878568  0.          0.0803199 ]
akzeptieren: [ 0.33208667  0.          0.        ]
alarm: [-0.63900012 -0.09483278  0.        ]
albtraum: [-1.27800024  0.02236091  0.        ]
alkohol: [-0.72199926  0.          0.        ]
all: [ 0.  0.  0.]
allantois: [ 0.  0.  0.]
allein: [-0.51663799  0.          0.        ]
allergie: [-0.89733702  0.          0.        ]
allgemein: [ 0.  0.  0.]
almosen: [-0.77739917  0.          0.        ]
alt: [-0.63528497  0.56573353  0.        ]
altar: [ 0.  0.  0.]
alter: [-0.68815456  0.          0.        ]
altern: [ 0.  0.  0.]
amok: [ 0.  0.  0.]
amt: [ 0.          0.          0.06793377]
analyse: [ 0.  0.  0.]
analysieren: [ 0.31841269  0.          0.        ]
anbeten: [ 0.77739917  0.          0.        ]
anders: [ 0.  0.  0.]
anerkennen: [ 0.66133702  0.          0.        ]
anfallen: [-0.92406821  0.          0.        ]
anfangen: [ 0.  0.  0.]
anfertigen: [-0.7429796  0.         0.       ]
anfällig: [-0.81915302  0.          0.        ]
angeben: [-0.46370095  0.          0.11475993]
angel: [-0.97649862  0.          0.        ]
angelegenheit: [ 0.  0.  0.]
angreifen: [-0.73476521 -0.05513804  0.        ]
angst: [-0.88029239  0.          0.        ]
anheben: [-0.36218525  0.         -0.06721553]
anhängen: [-0.62813591  0.          0.        ]
anker: [ 0.  0.  0.]
anklagen: [-0.78854357  0.          0.        ]
anlage: [ 0.  0.  0.]
anlegen: [ 0.58090862  0.         -0.51255151]
annehmen: [ 0.38651539  0.          0.        ]
anpassen: [ 0.33208667  0.          0.        ]
anpressen: [ 0.  0.  0.]
anreichern: [ 0.61600888  0.          0.        ]
ansammeln: [ 0.  0.  0.]
anschlagen: [-0.77739917  0.          0.        ]
ansiedeln: [ 0.  0.  0.]
ansprechen: [ 0.58090862  0.          0.        ]
anspruch: [-0.63900012  0.3910237   0.06603882]
anstalt: [ 0.  0.  0.]
anstand: [ 0.          0.19575563  0.        ]
anstecken: [-0.62813591 -0.01482461  0.        ]
anstrengen: [-0.58982463 -0.15956646  0.        ]
anständig: [ 0.58683307  0.          0.        ]
anteil: [ 0.  0.  0.]
anti: [-0.7302864  0.344731   0.       ]
antrag: [ 0.  0.  0.]
antreiben: [-0.18249572  0.          0.        ]
antreten: [ 0.  0.  0.]
anwalt: [-0.54105952  0.          0.        ]
anwenden: [ 0.7429796  0.         0.       ]
anziehen: [ 0.33208667  0.          0.        ]
apfel: [ 0.  0.  0.]
apparat: [ 0.  0.  0.]
appartement: [ 0.  0.  0.]
arbeiten: [-0.47925009  0.2210646   0.20888333]
arbeitgeber: [ 0.  0.  0.]
architekt: [ 0.17131384  0.          0.        ]
arm: [-0.82725867 -0.2039176  -0.51860998]
arrest: [-0.77739917  0.          0.        ]
art: [ 0.          0.         -0.12683095]
arterie: [-0.78707182  0.          0.        ]
artig: [ 0.90560786  0.          0.22538373]
artikel: [ 0.  0.  0.]
artillerie: [ 0.  0.  0.]
asbest: [ 0.  0.  0.]
asche: [ 0.  0.  0.]
ast: [ 0.  0.  0.]
asylant: [ 0.          0.09536798  0.        ]
atem: [ 0.04654016 -0.23313877  0.        ]
atmen: [ 0.  0.  0.]
atom: [ 0.08844541  0.13344024 -0.08889389]
attackieren: [-0.66106873  0.         -0.09208265]
attentat: [-0.89733702  0.          0.        ]
attrahieren: [ 0.62813591  0.          0.        ]
aufbauen: [ 0.58718871  0.          0.14231391]
aufbrechen: [ 0.  0.  0.]
auffassen: [ 0.  0.  0.]
auffordern: [-0.75452632 -0.06504957  0.        ]
aufgeben: [-0.76847798  0.          0.        ]
aufhalten: [-0.85200058  0.          0.        ]
aufklären: [ 1.1169242  0.         0.       ]
auflager: [-0.05745569 -0.09979157  0.        ]
auflösen: [ 0.7429796  0.         0.       ]
aufnehmen: [ 0.23916319  0.         -0.06957761]
aufopfern: [ 0.62813591  0.          0.        ]
aufragen: [ 0.08488692  0.          0.        ]
aufreiben: [-0.44866851  0.          0.        ]
aufschließen: [ 0.77739917  0.          0.        ]
aufschwung: [ 0.78811827  0.          0.        ]
aufsehen: [-0.77739917 -0.9187532   0.        ]
aufsicht: [-0.63900012  0.          0.        ]
aufstand: [-0.78854357  0.          0.        ]
aufsteigen: [ 0.66133702  0.          0.        ]
auftreiben: [ 0.7429796  0.         0.       ]
aufwand: [-0.28799714  0.          0.        ]
aufwärts: [ 0.7429796  0.         0.       ]
auge: [ 0.  0.  0.]
ausbilden: [ 0.66636292  0.         -0.60830574]
ausbrechen: [-0.6559475  0.         0.       ]
ausdehnen: [ 0.  0.  0.]
ausdrücken: [ 0.49919517  0.03777457  0.        ]
ausfallen: [-0.4119166  0.         0.       ]
ausführen: [ 0.81327334  0.          0.        ]
ausgehen: [ 0.       -0.163893  0.      ]
aushängen: [ 0.  0.  0.]
auskunft: [ 0.12780002  0.          0.        ]
ausland: [ 0.          0.04756105  0.        ]
ausnehmen: [-0.39731536  0.          0.        ]
ausrichten: [ 0.  0.  0.]
ausrufen: [ 0.  0.  0.]
aussagen: [ 0.          0.09438868  0.        ]
ausscheiden: [-0.7429796  0.         0.       ]
ausschlagen: [ 0.  0.  0.]
ausschuss: [-0.36405641  0.         -0.58861497]
aussehen: [ 0.  0.  0.]
ausser: [ 0.  0.  0.]
aussicht: [ 0.7429796  0.         0.       ]
ausstatten: [ 0.  0.  0.]
ausstellen: [-0.42599965  0.          0.        ]
aussteuern: [ 0.  0.  0.]
ausstrahlen: [ 0.  0.  0.]
ausströmen: [-0.77739917  0.33619829  0.        ]
austauschen: [ 0.23061223  0.          0.        ]
ausweg: [ 0.          0.06353077  0.        ]
ausweichen: [-0.85200058 -0.16009383  0.        ]
auswerten: [-0.77739917  0.          0.        ]
auto: [ 0.  0.  0.]
autobahn: [ 0.  0.  0.]
außen: [ 0.  0.  0.]
avalanche: [ 0.  0.  0.]
bach: [ 0.  0.  0.]
backe: [ 0.  0.  0.]
bad: [ 0.  0.  0.]
baden: [ 0.  0.  0.]
bahn: [ 0.         -0.62566863  0.        ]
bakterie: [ 0.  0.  0.]
balken: [ 0.  0.  0.]
ball: [-0.10944155  0.          0.        ]
ballen: [ 0.  0.  0.]
band: [-0.61933808  0.          0.        ]
bande: [ 0.  0.  0.]
bank: [ 0.  0.  0.]
bann: [ 0.  0.  0.]
base: [ 0.  0.  0.]
basis: [ 0.  0.  0.]
bauch: [ 0.          0.13104383  0.        ]
bauen: [ 0.34407728  0.20876471  0.1239454 ]
bauer: [-0.62919474 -0.17494056  0.        ]
baum: [ 0.27632932  0.          0.        ]
bausparen: [ 0.  0.  0.]
beachten: [ 0.  0.  0.]
beanspruchen: [-0.21086742  0.          0.        ]
beantworten: [ 0.  0.  0.]
becken: [ 0.  0.  0.]
bedarf: [ 0.21086742  0.          0.        ]
bedauern: [-0.39910065 -0.08150826  0.        ]
bedecken: [ 0.  0.  0.]
bedenken: [-0.32825442 -0.67623563  0.        ]
bedeuten: [ 0.25390845  0.03513811  0.        ]
bedeutung: [ 0.42599965  0.          0.        ]
bedienen: [ 0.  0.  0.]
bedingen: [-0.55038751  0.          0.        ]
bedrohen: [-0.96717028  0.          0.        ]
bedürfen: [-0.82695916  0.         -0.05834848]
bedürfnis: [-0.47389048 -0.41670965  0.        ]
befallen: [-1.13016385  0.          0.        ]
befehlen: [-0.59243908  0.          0.        ]
befinden: [ 0.          0.          0.03446559]
befreien: [-0.31950006  0.          0.        ]
befugen: [ 0.4242913   0.         -0.30011594]
befähigen: [ 0.79505508  0.         -0.00877323]
begabt: [ 0.89733702  0.          0.        ]
begehren: [ 0.79505508  0.          0.        ]
begeistern: [ 0.98154723  0.          0.        ]
begier: [ 0.77739917  0.          0.        ]
begierde: [ 0.71070811  0.          0.        ]
beginnen: [ 0.  0.  0.]
beglaubigen: [ 0.  0.  0.]
begleiten: [ 0.  0.  0.]
begreifen: [ 0.          0.          0.02647709]
begrenzen: [ 0.          0.         -0.45721157]
begriff: [ 0.  0.  0.]
begrüßen: [ 0.68857753  0.          0.        ]
begünstigen: [ 0.68021172  0.          0.        ]
behaften: [ 0.          0.          0.14839838]
behalten: [-0.70626383  0.          0.        ]
beharren: [ 0.28897327 -1.04545866  0.        ]
beherrschen: [ 0.02131139  0.         -0.88467602]
behindern: [-0.7429796   0.56746524 -0.30689752]
behörde: [-0.51188815  0.          0.        ]
beichten: [-0.2046263  0.         0.       ]
beifall: [ 0.77739917  0.          0.        ]
beileid: [-0.07810585  0.          0.        ]
bein: [ 0.  0.  0.]
beinahe: [ 0.  0.  0.]
beispiel: [ 0.  0.  0.]
beitrag: [ 0.7429796  0.         0.       ]
beißen: [-0.70606929  0.          0.        ]
bejahen: [ 0.89733702  0.          0.        ]
bekannt: [ 0.00388076  0.          0.        ]
bekennen: [ 0.79505508  0.          0.02910637]
beklagen: [-1.03117625  0.          0.        ]
beladen: [-0.17944208  0.          0.        ]
belang: [ 0.          0.10196583  0.        ]
belasten: [-0.95215096  0.          0.2820899 ]
beleidigen: [-1.10900839  0.          0.        ]
bemerken: [ 0.  0.  0.]
bemitleiden: [-0.28897327 -0.35173068  0.        ]
bemitteln: [ 0.  0.  0.]
benefiz: [ 0.77739917  0.          0.        ]
beneiden: [-0.68857753  0.44380941  0.        ]
benutzen: [ 0.  0.  0.]
beobachten: [ 0.  0.  0.]
berauben: [-0.77739917  0.          0.        ]
bereich: [ 0.  0.  0.]
bereifen: [-0.77739917  0.          0.        ]
bereit: [ 0.4407936   0.          0.06339389]
berg: [ 0.04889368  0.          0.        ]
bergundtal: [ 0.  0.  0.]
berichten: [ 0.  0.  0.]
beruf: [ 0.  0.  0.]
beruhigen: [ 0.361815  0.        0.      ]
berühmt: [ 0.65017437  0.          0.        ]
berühren: [ 0.62813591  0.          0.        ]
besaiten: [-0.27770445  0.         -0.18420192]
beschaffen: [ 0.  0.  0.]
bescheid: [ 0.  0.  0.]
bescheinigen: [ 0.21086742  0.          0.        ]
beschießen: [ 0.  0.  0.]
beschließen: [ 0.21086742  0.          0.        ]
beschneiden: [-0.77739917  0.          0.        ]
beschränken: [-0.58459867  0.          0.        ]
beschwerde: [-1.27800024  0.          0.        ]
beschwören: [ 0.62813591  0.          0.        ]
beschädigen: [-0.52281839  0.          0.        ]
beschäftigen: [-0.42599965  0.          0.29390618]
beseitigen: [-0.7302864  0.         0.       ]
besessen: [-0.89733702  0.          0.        ]
besetzen: [-0.01430357  0.          0.        ]
besinnen: [ 0.7429796  0.         0.       ]
besitzen: [ 0.          0.10480104  0.05652935]
besonder: [ 0.45876886  0.          0.        ]
besorgnis: [-0.78854357  0.          0.        ]
besser: [ 0.66029258  0.          0.        ]
bestand: [ 0.77739917  0.          0.        ]
bestechen: [-0.66106873  0.          0.        ]
bestimmen: [ 0.83976173  0.          0.        ]
beständig: [ 0.7429796   0.          0.00389038]
bestätigen: [ 0.41106017  0.          0.        ]
besuchen: [ 0.  0.  0.]
betonen: [ 0.76635388  0.         -0.36220973]
betragen: [ 0.  0.  0.]
betreuen: [ 0.12851045  0.         -0.29692728]
betrieb: [ 0.         0.1585786  0.       ]
betrügen: [-1.45550588  0.          0.        ]
bett: [ 0.  0.  0.]
betteln: [-0.71070811  0.1965735   0.        ]
betucht: [ 0.44866851  0.          0.        ]
betäuben: [-0.63900012  0.          0.        ]
beugen: [-0.74250743  0.          0.        ]
beule: [-0.66176232  0.          0.        ]
beute: [-0.92157554  0.          0.        ]
beutel: [ 0.  0.  0.]
beuteln: [ 0.          0.          0.01399276]
bevorrechtigen: [ 0.62813591  0.          0.        ]
bewegen: [ 0.62813591 -0.33976897 -0.17462196]
beweihräuchern: [ 0.77739917  0.          0.        ]
beweisen: [ 0.89733702  0.          0.        ]
bewohnen: [ 0.  0.  0.]
bewundern: [ 1.06263344  0.          0.        ]
bewusst: [ 0.54857238  0.         -0.36962707]
bewusstsein: [ 0.  0.  0.]
bewähren: [ 0.  0.  0.]
bezeugen: [ 0.         0.         0.0134805]
beziehen: [-0.76680014  0.23338405  0.24131772]
bi: [ 0.  0.  0.]
biegen: [-0.76680014  0.          0.        ]
biene: [-0.13572362  0.          0.        ]
bier: [ 1.08068443 -0.01198892  0.        ]
bieten: [ 0.          0.          0.02467516]
bilanz: [ 0.          0.05867761  0.        ]
bild: [ 0.          0.          0.16518557]
bilden: [ 0.28210644  0.          0.        ]
binden: [ 0.51120009  0.          0.        ]
binse: [-0.75568299 -0.023406    0.        ]
bio: [ 0.  0.  0.]
birne: [ 0.          0.          0.04554765]
bissen: [ 0.13563278  0.          0.        ]
bitter: [-0.9227891  0.         0.       ]
blase: [-0.53016632  0.          0.        ]
blaster: [ 0.  0.  0.]
blatt: [-0.18230019  0.          0.        ]
blau: [-0.38668677  0.          0.        ]
blech: [ 0.          0.         -0.13182883]
blei: [ 0.  0.  0.]
blenden: [-0.25739288 -0.03363232  0.        ]
blicken: [ 0.52403256  0.          0.        ]
blind: [-0.86531232  0.28904489  0.        ]
blitz: [ 0.          0.00522281  0.        ]
block: [ 0.  0.  0.]
blockieren: [-1.13649021  0.          0.        ]
blume: [ 0.  0.  0.]
blut: [-0.76680014  0.08669611  0.        ]
bluten: [ 0.  0.  0.]
blöde: [-0.35188431  0.          0.        ]
blüte: [ 0.77739917  0.          0.        ]
bock: [-0.42599965  0.          0.        ]
boden: [ 0.         -0.14700638 -0.00226564]
bogen: [-0.0666973  0.         0.       ]
bohren: [-0.62813591 -0.0067622   0.        ]
bombe: [-0.77739917  0.07585989  0.        ]
borste: [-0.7429796  0.         0.       ]
bot: [ 0.  0.  0.]
bote: [ 0.  0.  0.]
boykott: [-0.92157554  0.          0.        ]
brachial: [-1.27800024  0.          0.        ]
branden: [ 0.  0.  0.]
braten: [ 0.  0.  0.]
braue: [ 0.  0.  0.]
braun: [ 0.  0.  0.]
bravo: [ 0.89733702  0.          0.        ]
brechen: [-0.81190588 -0.52056118  0.0036174 ]
breit: [ 0.30672006  0.          0.        ]
bremse: [-0.05366262  0.          0.        ]
brennen: [-0.66568405  0.0928061   0.        ]
brett: [ 0.  0.  0.]
brief: [ 0.19972073  0.          0.        ]
bringen: [ 0.          0.          0.19954833]
brot: [ 0.  0.  0.]
bruch: [-0.89420018  0.          0.        ]
bruder: [ 0.22609857  0.          0.        ]
brummen: [-0.5975542  0.         0.       ]
brunnen: [ 0.  0.  0.]
brust: [ 0.  0.  0.]
brödelei: [ 0.  0.  0.]
brücke: [ 0.  0.  0.]
bub: [-0.16664099  0.          0.        ]
buch: [ 0.  0.  0.]
buchstabe: [ 0.  0.  0.]
buhne: [ 0.  0.  0.]
bulle: [-0.77739917  0.55675777  0.        ]
bummeln: [-0.77739917  0.         -0.44584547]
bund: [ 0.  0.  0.]
burg: [ 0.  0.  0.]
burn-out: [ 0.  0.  0.]
butter: [ 0.  0.  0.]
buße: [-0.77739917  0.60923549  0.        ]
bär: [ 0.  0.  0.]
börse: [ 0.05237727  0.          0.        ]
böse: [-1.04928064  0.          0.        ]
bündnis: [ 0.  0.  0.]
bürgen: [ 0.62813591  0.          0.        ]
bürger: [ 0.77739917 -0.09241408 -0.56513369]
chance: [ 0.25560005  0.05594125  0.        ]
chaos: [-1.01238572  0.          0.        ]
charakter: [ 0.7429796  -0.01217117  0.08583138]
charisma: [ 0.76924357  0.          0.        ]
chemie: [ 0.  0.  0.]
chevreau: [ 0.  0.  0.]
chiffrieren: [ 0.  0.  0.]
chip: [ 0.28562211  0.          0.        ]
chor: [ 0.  0.  0.]
christ: [ 0.  0.  0.]
container: [ 0.  0.  0.]
courage: [ 0.92157554  0.         -0.48243081]
crimen: [-0.91630293  0.          0.01840035]
dach: [ 0.  0.  0.]
dame: [ 0.  0.  0.]
dampf: [ 0.  0.  0.]
dank: [ 0.82867676 -0.43232504  0.        ]
darm: [ 0.          0.35361636  0.        ]
darstellen: [ 0.  0.  0.]
das: [ 0.          0.         -0.07302143]
dasein: [ 0.  0.  0.]
daten: [-0.24853184  0.          0.        ]
dauer: [ 0.         0.1282921  0.       ]
deck: [ 0.  0.  0.]
decke: [ 0.  0.  0.]
deckel: [ 0.  0.  0.]
decken: [-0.55112577 -0.21492742 -0.2812946 ]
defekt: [-1.01003298  0.          0.        ]
dehnen: [ 0.  0.  0.]
delikt: [-0.92157554  0.          0.        ]
demokrat: [ 0.55988605  0.         -0.58763232]
demonstrieren: [ 0.          0.          0.05398053]
denken: [ 0.  0.  0.]
denkmal: [ 0.  0.  0.]
depot: [ 0.  0.  0.]
deprimieren: [-0.92157554  0.          0.        ]
derma: [-0.33210373  0.          0.        ]
destillieren: [ 0.  0.  0.]
detail: [ 0.  0.  0.]
diamant: [ 0.  0.  0.]
dicht: [ 0.  0.  0.]
dichten: [-0.00029386 -0.24410363  0.        ]
dick: [-0.29635457 -0.23010673  0.        ]
didakt: [ 0.17944344  0.          0.        ]
dieb: [-0.88309436 -0.15994595  0.        ]
dienen: [ 0.21359101  0.          0.        ]
dienern: [-0.33210375  0.          0.        ]
dienst: [ 0.20997736 -0.21149566  0.        ]
dienstbar: [-0.77739917  0.          0.        ]
diesig: [-0.77739917  0.          0.        ]
differenz: [ 0.  0.  0.]
digital: [ 0.  0.  0.]
diktieren: [ 0.  0.  0.]
ding: [ 0.          0.          0.59445263]
diplomat: [-0.22394192  0.          0.        ]
diskutieren: [ 0.  0.  0.]
distanz: [ 0.  0.  0.]
disziplin: [ 0.38748454  0.          0.        ]
dividend: [ 0.  0.  0.]
dividende: [ 0.77739917 -0.14968087  0.        ]
diät: [ 0.  0.  0.]
diäten: [ 0.  0.  0.]
doktor: [ 0.17372487  0.          0.        ]
dokument: [ 0.  0.  0.]
dolch: [ 0.  0.  0.]
donner: [-0.77739917  0.          0.        ]
doof: [-0.93552372  0.          0.        ]
doppelt: [-0.99379927 -0.06016541  0.        ]
draht: [ 0.  0.  0.]
drama: [-0.77739917  0.          0.        ]
dreck: [-1.04563679  0.          0.        ]
drehen: [ 0.         -0.00961016  0.        ]
dreist: [-0.94704392  0.          0.        ]
dribbeln: [ 0.29100082  0.          0.        ]
droge: [-0.64990007  0.09571304  0.        ]
drohen: [-0.95334604  0.          0.        ]
drossel: [-0.77739917  0.          0.        ]
drosseln: [-0.7429796  0.         0.       ]
druck: [-0.49153806  0.41153737  0.        ]
drängen: [-0.84613061  0.          0.        ]
drüse: [ 0.  0.  0.]
dumm: [-1.07386963  0.          0.        ]
dunkel: [-0.34117357  0.          0.        ]
dunst: [-0.7429796  0.         0.       ]
durchblicken: [ 0.  0.  0.]
durchbluten: [ 0.          0.08704986  0.        ]
durchfahren: [ 0.  0.  0.]
durchhalten: [ 0.46336903  0.          0.        ]
durchmesser: [ 0.  0.  0.]
durchschießen: [ 0.  0.  0.]
durchschlagen: [ 0.  0.  0.]
durchsetzen: [ 0.45069833  0.          0.        ]
durst: [-1.27800024  0.         -0.11406113]
dusel: [ 0.77739917  0.         -0.72982053]
dutzend: [-0.20168766  0.          0.        ]
dämpfen: [ 1.27800024  0.          0.        ]
düngen: [ 0.  0.  0.]
dünn: [ 0.  0.  0.]
dürftig: [-0.50967069  0.          0.        ]
dürr: [-0.68063702  0.          0.        ]
eben: [ 0.31746548 -0.07901777  0.        ]
ebene: [ 0.  0.  0.]
echt: [ 0.68468198  0.          0.        ]
ecke: [ 0.52240807  0.          0.        ]
edel: [ 0.9515596  0.         0.       ]
effekt: [-0.63783386  0.          0.        ]
effektiv: [ 0.44356662  0.         -0.65343351]
effizient: [ 0.76924357  0.         -0.72167726]
egel: [ 0.  0.  0.]
ego: [-1.27800024  0.          0.        ]
ehe: [ 0.          0.10311467  0.        ]
ehre: [ 0.63900012  0.02054077  0.        ]
ehren: [ 0.56742868  0.          0.        ]
ehrfurcht: [ 0.76924357  0.          0.        ]
ei: [ 0.          0.01644426  0.        ]
eifer: [ 0.78811827  0.         -0.33844597]
eifern: [ 0.51791537  0.          0.        ]
eifersucht: [-0.92157554  0.          0.        ]
eigen: [ 0.         -0.36785463  0.        ]
eigenschaft: [ 0.  0.  0.]
eigentum: [ 0.  0.  0.]
eile: [-0.70481786  0.          0.        ]
ein: [-0.02865902  0.          0.        ]
einbilden: [-0.44866851  0.          0.        ]
einbrechen: [-0.59089394  0.          0.        ]
eindruck: [ 0.335746  0.        0.      ]
eindämmen: [ 0.44866851  0.         -0.47802938]
einfallen: [ 0.          0.05950629  0.        ]
einfliegen: [ 0.  0.  0.]
einfluss: [ 0.          0.          0.21855193]
einflößen: [ 0.  0.  0.]
einfuhr: [ 0.  0.  0.]
einfärben: [ 0.  0.  0.]
einfühlen: [ 0.  0.  0.]
einführen: [ 0.59095894  0.          0.        ]
einhalten: [ 0.  0.  0.]
einjagen: [ 0.  0.  0.]
einkommen: [ 0.62813591 -0.0919676   0.        ]
einnehmen: [ 0.46336903  0.          0.12543998]
einschlagen: [-1.27800024  0.          0.        ]
einschätzen: [ 0.  0.  0.]
einschüchtern: [-0.78854357  0.          0.        ]
einsehen: [ 0.13171996  0.          0.        ]
einsetzen: [ 0.  0.  0.]
einsparen: [ 0.          0.          0.01934726]
einspruch: [-0.77739917  0.          0.        ]
einstand: [ 0.  0.  0.]
einstellen: [ 0.  0.  0.]
eintopf: [ 0.  0.  0.]
einwenden: [ 0.14759691  0.          0.        ]
einzeln: [ 0.          0.00419577  0.        ]
einziehen: [ 0.          0.         -0.75936997]
eis: [-0.51079468  0.          0.        ]
eisen: [ 0.         -0.02575704  0.        ]
eiter: [ 0.          0.05599802  0.        ]
eiweiß: [ 0.  0.  0.]
ekel: [-1.03160349  0.          0.        ]
elektrisch: [-0.28399977  0.          0.        ]
elektro: [ 0.         -0.15738455  0.        ]
elektron: [ 0.  0.  0.]
elektronik: [ 0.  0.  0.]
elfmeter: [-0.21086742 -0.09123825  0.        ]
elite: [ 0.77739917  0.          0.        ]
elter: [ 0.          0.08039166  0.        ]
embargo: [-0.89733702  0.         -0.21046535]
emotion: [ 0.  0.  0.]
empfangen: [ 0.          0.          0.09702241]
empfehlen: [ 0.58469476  0.          0.        ]
empfinden: [-0.40521937  0.17813872  0.51766422]
end: [-0.31020189  0.          0.        ]
ende: [-0.64602273  0.          0.        ]
energie: [ 0.89733702 -0.1337448   0.        ]
eng: [-0.5591251  0.         0.       ]
engel: [ 0.85200058  0.          0.        ]
enkel: [ 0.  0.  0.]
entblößen: [ 0.  0.  0.]
enteignen: [-0.77739917  0.          0.        ]
entern: [ 0.  0.  0.]
entfalten: [ 0.  0.  0.]
entfremden: [-0.68063702  0.          0.        ]
entführen: [-0.68107816  0.          0.        ]
entlassen: [-0.46414519  0.         -0.88994577]
entleeren: [-0.63012684  0.          0.        ]
entsagen: [ 0.62813591  0.          0.        ]
entscheiden: [ 0.16196641 -0.36534511  0.        ]
entschließen: [ 0.  0.  0.]
entsorgen: [ 0.          0.         -0.59733038]
entspannen: [ 0.64932514  0.          0.        ]
entstören: [ 0.  0.  0.]
enttraumatisieren: [ 0.  0.  0.]
entwerfen: [ 0.  0.  0.]
entwickeln: [ 0.26028831  0.          0.        ]
entziehen: [ 0.          0.44973777 -0.26652497]
entzünden: [-0.62813591  0.          0.10011204]
epoche: [ 0.40221336  0.          0.        ]
erbarmen: [-0.2046263   0.21507456  0.        ]
erbe: [ 0.  0.  0.]
erben: [ 0.77739917  0.          0.        ]
erbieten: [ 0.  0.  0.]
erbietig: [ 0.07164167  0.          0.        ]
erde: [ 0.  0.  0.]
ereignis: [ 0.          0.06482002  0.        ]
erfahren: [ 0.39937507  0.         -0.37827378]
erfinden: [-1.1169242  0.2712002  0.       ]
erfolg: [ 0.28689827  0.09755854 -0.53937666]
erfreuen: [ 0.7723186   0.         -0.19364633]
erfrischen: [ 0.62813591  0.          0.        ]
erfüllen: [ 0.41400051  0.          0.10969813]
ergeben: [ 0.37588287  0.          0.        ]
ergebnis: [ 0.41780767  0.          0.        ]
ergießen: [ 0.          0.          0.10908242]
ergon: [ 0.  0.  0.]
ergreifen: [-0.70907737  0.          0.        ]
erhalten: [ 0.35500035  0.         -0.35237328]
erheben: [ 0.63900012  0.         -0.69329208]
erholen: [ 0.68816215  0.          0.        ]
erhöhen: [ 0.565383    0.         -0.00444976]
erinnern: [ 0.  0.  0.]
erkennen: [ 0.  0.  0.]
erkranken: [-0.92157554  0.          0.        ]
erkälten: [-0.62813591 -0.02455175  0.        ]
erlass: [-0.16594275  0.         -0.70541188]
erlauben: [ 0.46336903  0.          0.        ]
erleben: [ 0.         -0.78863624  0.        ]
erlebnis: [ 0.63900012  0.          0.        ]
ermessen: [ 0.  0.  0.]
ermüden: [-0.9551522  0.         0.       ]
erneuern: [ 0.7429796  0.         0.       ]
erniedrigen: [-0.78854357  0.          0.        ]
ernst: [-0.62389831  0.          0.        ]
ernähren: [ 0.          0.          0.05887412]
erobern: [ 0.62813591  0.          0.        ]
erpressen: [-0.78854357  0.          0.        ]
erproben: [ 0.          0.         -0.72076874]
erregen: [-0.62813591  0.         -0.06355447]
erscheinen: [-0.5334101  0.         0.       ]
erschöpfen: [-0.66106873  0.          0.        ]
erschüttern: [-1.06305875  0.          0.        ]
erst: [ 0.35594735 -0.36654824  0.        ]
erstatten: [ 0.         -0.44602202  0.        ]
erstreben: [ 0.62813591  0.          0.        ]
ertrag: [ 0.77739917 -0.05072219  0.        ]
ertragen: [ 0.62813591  0.          0.        ]
ertrinken: [-0.78854357  0.          0.        ]
erwarten: [ 0.  0.  0.]
erwecken: [ 0.  0.  0.]
erweichen: [-0.51466084  0.         -0.2409671 ]
erwerben: [ 0.06373627  0.          0.        ]
erwärmen: [ 0.62813591  0.         -0.07985948]
erythem: [ 0.  0.  0.]
erz: [ 0.          0.06728515  0.        ]
erziehen: [ 0.  0.  0.]
essen: [ 0.  0.  0.]
etikett: [ 0.  0.  0.]
ex: [ 0.  0.  0.]
existieren: [ 0.16160555  0.13230758  0.        ]
experimentieren: [ 0.  0.  0.]
experte: [ 0.  0.  0.]
explodieren: [-0.66106873  0.          0.        ]
export: [ 0.  0.  0.]
extrem: [-0.63291428  0.          0.        ]
fabrik: [ 0.10986078  0.          0.        ]
fabrizieren: [ 0.       -0.001421  0.      ]
facette: [ 0.  0.  0.]
fach: [ 0.52670964 -0.24193091  0.        ]
faden: [ 0.  0.  0.]
fahl: [-0.77739917  0.          0.        ]
fahne: [ 0.  0.  0.]
fahren: [ 0.          0.07748026  0.        ]
fahrzeug: [ 0.  0.  0.]
fakt: [ 0.  0.  0.]
faktor: [ 0.  0.  0.]
falke: [-0.70531364 -0.07657577  0.        ]
fallen: [-0.69396819 -0.97426294  0.        ]
falsch: [-1.10808306  0.          0.        ]
falte: [ 0.  0.  0.]
falter: [ 0.17944342  0.          0.        ]
familie: [ 0.          0.12570831  0.        ]
fangen: [-0.73485014  0.          0.67237653]
fantasie: [ 0.7429796  -0.44898473  0.00759475]
farbe: [ 0.          0.01336441  0.        ]
farben: [ 0.21314816  0.          0.        ]
faschismus: [-0.77739917  0.          0.        ]
faser: [ 0.  0.  0.]
fassen: [ 0.33339192  0.          0.        ]
fasson: [ 0.  0.  0.]
fasten: [ 0.  0.  0.]
faul: [-0.61190135  0.          0.06076213]
fauna: [ 0.  0.  0.]
fechten: [ 0.  0.  0.]
feder: [ 0.  0.  0.]
fehl: [-1.13600035 -0.11704371  0.        ]
fehler: [-1.15949073 -0.19323004  0.        ]
fein: [ 0.93587392 -0.36864559  0.        ]
feind: [-0.7429796   0.         -0.42446378]
feld: [ 0.          0.00216998  0.0329711 ]
fell: [ 0.          0.09467354  0.        ]
fels: [ 0.  0.  0.]
felsen: [ 0.  0.  0.]
fenster: [ 0.  0.  0.]
fern: [ 0.          0.         -1.22978862]
fernsprechen: [ 0.  0.  0.]
fertig: [ 0.57430785  0.          0.13551862]
fesseln: [-0.46414519  0.          0.        ]
fest: [ 0.21086742  0.          0.07725717]
fett: [-0.61125631 -0.16751536  0.        ]
feuer: [-0.12228469 -0.54855731  0.        ]
fidel: [ 0.77739917  0.          0.        ]
fieber: [-0.92157554 -0.04765277  0.        ]
figur: [ 0.58459867  0.          0.        ]
film: [ 0.         0.0230548  0.       ]
filz: [ 0.  0.  0.]
finanzen: [ 0.39672043  0.          0.        ]
finanzieren: [ 0.  0.  0.]
finden: [ 0.  0.  0.]
finger: [ 0.  0.  0.]
finte: [-0.68063702  0.12298027  0.        ]
firma: [ 0.  0.  0.]
fisch: [ 0.  0.  0.]
fit: [ 1.014024  0.        0.      ]
fixieren: [ 0.  0.  0.]
flach: [-0.48356717  0.          0.        ]
flechte: [-0.62813591  0.          0.        ]
fleck: [-0.63900012  0.          0.        ]
flecken: [-0.06100165 -0.48168823  0.        ]
fleisch: [ 0.          0.16313813  0.        ]
flexibel: [ 0.66029258  0.          0.        ]
flicken: [-0.17266922  0.          0.        ]
fliegen: [ 0.  0.  0.]
fließen: [ 0.  0.  0.]
flint: [ 0.  0.  0.]
flitter: [ 0.  0.  0.]
floh: [-0.13572362  0.          0.        ]
flugzeug: [ 0.  0.  0.]
fluss: [ 0.  0.  0.]
flut: [-0.7429796  0.         0.       ]
fläche: [ 0.         -0.77799228  0.        ]
flüchten: [-0.46867988  0.          0.        ]
folge: [ 0.         -0.15918581  0.        ]
form: [ 0.          0.15536571  0.20117444]
formen: [ 0.  0.  0.]
fortpflanzen: [ 0.  0.  0.]
foul: [-0.79505508  0.          0.        ]
frage: [-0.02078597  0.          0.        ]
fragen: [ 0.15214337 -0.79407903  0.        ]
frau: [ 0.17444336  0.09163514  0.        ]
frei: [ 0.61049271  0.01197546 -0.7132876 ]
fremd: [-0.85200058 -0.00493173  0.        ]
fremder: [ 0.  0.  0.]
fressen: [-0.51120009  0.          0.        ]
freude: [ 0.89751265 -0.01902822  0.        ]
freund: [ 0.70880928 -0.29840173 -0.20560126]
frieden: [ 0.66029258  0.0880812   0.        ]
frisch: [ 0.73650296  0.          0.        ]
frist: [ 0.25888472  0.          0.        ]
froh: [ 0.65519024  0.          0.        ]
front: [ 0.  0.  0.]
frost: [-0.77739917  0.          0.        ]
frucht: [ 0.          0.00369173  0.        ]
früh: [ 0.  0.  0.]
frühling: [ 0.09526386  0.          0.        ]
fuchs: [ 0.  0.  0.]
fund: [ 0.  0.  0.]
funke: [ 0.07302792  0.          0.        ]
funktion: [ 0.13013539  0.          0.        ]
furcht: [-1.05244327  0.          0.        ]
fuß: [ 0.          0.          0.06411548]
fächern: [ 0.77739917  0.          0.        ]
fähig: [ 0.50875127  0.         -0.41255319]
fällig: [-0.4743948  0.         0.       ]
fälschen: [-0.77739917  0.          0.        ]
färben: [ 0.  0.  0.]
fördern: [ 0.46336903  0.         -0.13908357]
fühlen: [-0.56799954  0.          0.46816008]
führen: [ 0.20673571 -0.09181263  0.        ]
galgen: [-0.13817173  0.          0.        ]
galion: [ 0.  0.  0.]
galle: [-0.77739917  0.          0.        ]
gammeln: [-0.38700555  0.          0.        ]
ganz: [ 0.  0.  0.]
gardine: [ 0.  0.  0.]
garn: [ 0.  0.  0.]
garten: [ 0.  0.  0.]
gas: [ 0.          0.23575861  0.        ]
gasse: [-0.73605384  0.          0.        ]
gast: [ 0.          0.02635735  0.        ]
gaumen: [ 0.  0.  0.]
geben: [ 0.          0.         -0.32719444]
gebet: [ 0.  0.  0.]
gebieten: [-0.62813591  0.          0.58363873]
gebrauchen: [ 0.  0.  0.]
gebärde: [ 0.  0.  0.]
gebären: [ 0.  0.  0.]
gebärmutter: [ 0.  0.  0.]
gebühr: [-0.80675716 -0.14182978  0.        ]
gedicht: [ 0.  0.  0.]
geduld: [ 0.43389101  0.          0.        ]
gedächtnis: [ 0.  0.  0.]
gefahr: [-0.34854517 -0.74481412 -0.1030969 ]
gefallen: [ 0.63747356  0.          0.        ]
gefangenschaft: [-0.92157554  0.          0.        ]
gefolge: [ 0.  0.  0.]
gefährden: [-1.03324959  0.         -0.07195914]
gefälle: [-0.44866851  0.         -0.16496124]
gefällig: [ 0.89944495  0.          0.        ]
gefängnis: [-0.77739917  0.          0.        ]
gefüge: [ 0.  0.  0.]
gefühl: [ 0.41825497 -0.19059349  0.13693666]
gegen: [-0.65021074  0.0361028   0.        ]
gegenstand: [ 0.14906161  0.          0.        ]
gegenwart: [ 0.07583222  0.          0.        ]
gegner: [-0.63900012  0.          0.        ]
gehalt: [ 0.7429796  -0.11247445  0.43633774]
geheimnis: [-1.27800024  0.          0.        ]
gehen: [ 0.  0.  0.]
gehirn: [-0.52629363  0.          0.        ]
gehör: [ 0.          0.09754506  0.        ]
geil: [ 0.49919491  0.          0.        ]
geisel: [-0.77739917  0.          0.        ]
geist: [ 0.55515964  0.          0.        ]
geiz: [-0.78854357  0.          0.        ]
gel: [ 0.  0.  0.]
gelaunt: [ 0.         0.         0.0035164]
gelb: [ 0.  0.  0.]
geld: [-0.5252854  0.         0.       ]
gelegenheit: [ 0.31950006  0.          0.        ]
geleit: [ 0.  0.  0.]
gelenk: [ 0.          0.12781302  0.        ]
geloben: [ 0.62813591  0.          0.        ]
gelten: [ 0.          0.00594053  0.        ]
gemein: [-1.06101622  1.38121879  0.        ]
gemeinschaft: [ 0.07854899  0.11189848  0.        ]
gemenge: [-0.00257869  0.          0.        ]
gemäß: [ 0.35296033  0.          0.        ]
gemüt: [ 0.32964321  0.          0.        ]
genau: [ 0.43265676  0.          0.        ]
genehmigen: [ 0.46336903  0.          0.        ]
generell: [ 0.  0.  0.]
genick: [ 0.  0.  0.]
genuss: [ 0.52749862  0.          0.12512617]
genügen: [ 0.09434712  0.          0.        ]
gerade: [ 0.  0.  0.]
gerecht: [ 0.76924357  0.          0.        ]
gericht: [ 0.  0.  0.]
gering: [-0.80340171  0.          0.        ]
gerste: [-0.03609582  0.          0.        ]
gerät: [ 0.  0.  0.]
geräusch: [-0.52270585 -0.0108307   0.        ]
gerücht: [-0.7429796  0.         0.       ]
gesang: [ 0.44452171  0.          0.        ]
geschenk: [ 0.  0.  0.]
geschichte: [ 0.  0.  0.]
geschlecht: [ 0.  0.  0.]
geschmack: [ 0.  0.  0.]
geschrei: [-0.63900012  0.          0.        ]
geschwister: [ 0.  0.  0.]
geschwulst: [-0.89733702  0.          0.        ]
geschwätz: [-0.77739917  0.          0.        ]
geschwür: [-0.92157554  0.          0.        ]
geschäft: [ 0.01988713  0.          0.33575879]
geselle: [ 0.  0.  0.]
gesellschaft: [ 0.  0.  0.]
gesetz: [ 0.  0.  0.]
gesicht: [ 0.  0.  0.]
gesinnt: [ 0.44866851  0.          0.06624532]
gespenst: [-0.7429796  0.         0.       ]
gespräch: [ 0.31610357  0.         -0.31958516]
gestalt: [ 0.  0.  0.]
gestalten: [ 0.40357842  0.          0.        ]
gestein: [ 0.  0.  0.]
gestell: [ 0.  0.  0.]
gesund: [ 0.65254888  0.          0.        ]
getreide: [ 0.  0.  0.]
getreu: [ 0.60827402  0.          0.        ]
getto: [ 0.  0.  0.]
gewalt: [-0.99520933 -0.05624062  0.10221283]
gewaltig: [-0.18410308  0.         -0.74820249]
gewandt: [ 0.62813591  0.          0.        ]
gewehr: [ 0.  0.  0.]
gewerbe: [ 0.  0.  0.]
gewinnen: [ 0.66029258  0.          0.        ]
gewiss: [ 0.  0.  0.]
gewissen: [ 0.          0.15727282  0.        ]
gewächs: [ 0.  0.  0.]
gewähren: [ 0.68857753  0.         -0.33291367]
gewöhnen: [ 0.23193275  0.          0.        ]
gier: [-0.92157554  0.          0.        ]
gießen: [-0.17032919  0.          0.        ]
gift: [-0.77739917  0.24709042  0.        ]
gigant: [ 0.76680014  0.          0.        ]
gitter: [-0.51120009  0.         -0.25568577]
glanz: [ 0.76924357 -0.05469434  0.        ]
glas: [ 0.  0.  0.]
glasieren: [ 0.  0.  0.]
glatt: [ 0.49377328  0.          0.4916553 ]
glaube: [ 0.361815   0.        -0.2160351]
glauben: [ 0.  0.  0.]
gleich: [ 0.         -0.02428169  0.08927777]
glied: [ 0.  0.  0.]
gliedern: [ 0.  0.  0.]
glut: [-0.18249572  0.          0.        ]
glück: [ 0.60684676  0.          0.        ]
gnade: [-0.33900345  0.28401387  0.        ]
gold: [ 0.36514256 -0.42044004  0.        ]
golf: [ 0.  0.  0.]
goodwill: [ 0.77739917  0.          0.        ]
gott: [ 0.          0.13660316  0.        ]
graben: [-1.27800024  0.          0.        ]
grad: [ 0.15519369  0.          0.21482868]
granne: [ 0.  0.  0.]
gras: [ 0.  0.  0.]
grat: [ 0.  0.  0.]
grau: [-0.32598398  0.          0.        ]
grauen: [-0.46414519  0.          0.        ]
greifen: [ 0.          0.          0.19456413]
grenze: [ 0.       -0.475204  0.      ]
grippe: [-0.89733702  0.          0.        ]
grob: [-0.87142588  0.          0.        ]
grotesk: [-0.85447909  0.          0.        ]
grotte: [ 0.  0.  0.]
groß: [ 0.60927654  0.          0.        ]
grund: [ 0.          0.01483217 -0.09581527]
grundsatz: [ 0.77739917  0.          0.        ]
gruppe: [ 0.  0.  0.]
gräuel: [-0.77739917  0.          0.        ]
gründen: [ 0.38124909  0.          0.        ]
gucken: [-0.17944193  0.          0.        ]
guerilla: [ 0.  0.  0.]
gummi: [ 0.  0.  0.]
gunst: [ 0.46336903  0.          0.        ]
gut: [ 0.78240358 -0.41181797  0.        ]
gymnast: [ 0.03690499  0.          0.        ]
gültig: [ 0.77739917  0.          0.        ]
günstig: [ 0.58977806  0.         -0.47318984]
gürtel: [-0.61969838  0.          0.        ]
haar: [ 0.          0.14976855 -0.01138315]
haben: [ 0.  0.  0.]
hacken: [-0.28565297  0.          0.        ]
haft: [-0.66106873 -0.05863979  0.0165287 ]
haften: [-0.89733702  0.          0.        ]
hagel: [-0.77739917  0.          0.        ]
hahn: [-0.17944194  0.          0.        ]
hai: [-0.77739917  0.          0.        ]
haken: [-0.17944198  0.          0.        ]
halb: [ 0.         -0.29704009  0.        ]
hals: [ 0.          0.09077448  0.        ]
halt: [-0.40843354  0.17727166  0.        ]
halten: [ 0.41975407  0.         -0.12737411]
hand: [-0.31462258  0.          0.50230522]
handel: [-0.45330097  0.          0.        ]
handeln: [-0.24260331 -0.06422176  0.        ]
handwerk: [ 0.  0.  0.]
harm: [-0.89733702  0.          0.        ]
hart: [-0.54420289 -0.43098174  0.        ]
haschen: [ 0.  0.  0.]
hase: [ 0.  0.  0.]
hass: [-1.14286529  0.          0.        ]
hassen: [-0.62200227  0.          0.        ]
hauen: [-0.69709162  0.          0.        ]
haupt: [ 0.  0.  0.]
haus: [ 0.          0.06547166 -0.36915991]
haushalt: [ 0.  0.  0.]
haut: [-0.85608178  0.         -0.28211725]
heben: [ 0.  0.  0.]
hefe: [ 0.  0.  0.]
heil: [ 0.89944495  0.          0.        ]
heilen: [ 0.7429796  -0.18934324  0.        ]
heilig: [ 0.7429796   0.         -1.35268996]
heim: [ 0.77739917  0.          0.        ]
heimat: [ 0.  0.  0.]
heimlich: [-0.79505508  0.          0.        ]
heirat: [ 0.46336903  0.          0.        ]
heischen: [-0.62813591  0.          0.        ]
heiß: [-0.06268218 -0.80678221  0.        ]
held: [ 1.27800024  0.          0.        ]
helfen: [ 1.01829284  0.          0.        ]
hell: [ 0.42315305  0.          0.        ]
hemd: [ 0.  0.  0.]
hemmen: [-0.35272592  0.3180317   0.        ]
herholen: [-0.3720988  0.         0.       ]
herkömmlich: [ 0.59095894  0.          0.        ]
heroin: [-0.77739917  0.          0.        ]
herr: [ 0.  0.  0.]
herrlich: [ 1.26289531  0.          0.18593482]
herrschaft: [-1.27800024  0.          0.        ]
herrschen: [-0.89733702  0.          0.        ]
herstimmen: [-0.56511682  0.          0.        ]
herz: [ 0.85200058 -0.05511277  0.        ]
hetzen: [ 0.  0.  0.]
heu: [ 0.  0.  0.]
heulen: [-0.83258975  0.          0.        ]
hexe: [ 0.  0.  0.]
hilfs: [ 0.4767719  0.         0.       ]
himmel: [ 0.27782575  0.          0.        ]
hingeben: [ 0.85200058  0.          0.        ]
hinter: [-0.41225859  0.          0.        ]
hinterziehen: [ 0.  0.  0.]
hirn: [ 0.          0.09415388  0.        ]
hitze: [ 0.  0.  0.]
hoch: [ 0.23664139  0.00369763  0.        ]
hochachten: [ 0.89733702  0.          0.        ]
hochschauen: [ 0.  0.  0.]
hochschule: [ 0.  0.  0.]
hochzeit: [ 1.0380172  0.         0.       ]
hoden: [ 0.  0.  0.]
hof: [ 0.  0.  0.]
hoffnung: [ 0.5529817  -0.00648217  0.        ]
hoheit: [ 0.77739917  0.          0.        ]
hohl: [ 0.  0.  0.]
holz: [-0.3055262  -0.04478572  0.        ]
homos: [ 0.  0.  0.]
honig: [ 0.  0.  0.]
horn: [ 0.  0.  0.]
hornisse: [-0.25882195  0.          0.        ]
horst: [-0.79875015  0.          0.        ]
hotel: [ 0.  0.  0.]
huhn: [-0.17343816  0.          0.        ]
huld: [ 0.13172835  0.          0.        ]
humor: [ 1.23573123 -0.46454188  0.        ]
hund: [ 0.          0.12586482  0.        ]
hunger: [-0.63900012  0.          0.        ]
husten: [-0.62813591  0.          0.        ]
hut: [ 0.  0.  0.]
hymne: [ 0.          0.          0.01403818]
hyper: [-1.01079447  0.          0.        ]
hysterisch: [-0.81071242  0.          0.        ]
hämatokrit: [ 0.  0.  0.]
hässlich: [-1.08203435  0.          0.        ]
hätscheln: [ 0.28897327  0.          0.        ]
häufig: [ 0.  0.  0.]
höflich: [ 0.68021172  0.          0.        ]
höhe: [ 0.  0.  0.]
höhle: [-0.77739917  0.          0.        ]
hölle: [-1.27800024  0.          0.        ]
hören: [ 0.          0.12383847  0.        ]
hörig: [ 0.  0.  0.]
hübsch: [ 0.85312624  0.          0.        ]
hüne: [ 0.  0.  0.]
hüten: [-0.18249572  0.          0.        ]
hütte: [ 0.  0.  0.]
ich: [ 0.  0.  0.]
ideal: [ 0.84313674  0.          0.        ]
idee: [ 0.18047017  0.          0.        ]
identisch: [ 0.         0.0328562  0.       ]
ideologie: [ 0.  0.  0.]
idiot: [-0.36514256  0.30428941  0.        ]
illusion: [-1.27800024  0.62392248  0.        ]
image: [ 0.33238311  0.          0.        ]
immer: [ 0.  0.  0.]
immun: [ 0.42173484 -0.13561354  0.        ]
import: [ 0.  0.  0.]
impuls: [ 0.  0.  0.]
industrie: [ 0.  0.  0.]
infarkt: [-0.89733702  0.         -0.04826687]
infizieren: [-0.92157554  0.          0.        ]
inflation: [-0.20027643  0.          0.        ]
inhalt: [ 0.30428547  0.          0.        ]
inhibit: [ 0.  0.  0.]
initiative: [ 0.77739917  0.          0.        ]
innovieren: [ 0.55345824  0.          0.        ]
insekt: [-0.21205173  0.          0.        ]
instinkt: [ 0.  0.  0.]
instrument: [ 0.  0.  0.]
integrieren: [ 0.54758156  0.          0.        ]
intelligent: [ 0.71751184  0.          0.        ]
intensiv: [ 0.00305756  0.          0.        ]
interesse: [ 0.42599965  0.          0.        ]
interessieren: [ 0.46336903  0.          0.        ]
intrigieren: [-0.89733702  0.          0.        ]
ironie: [-0.63900012  0.          0.        ]
irr: [-0.90063693  0.          0.        ]
isotop: [ 0.  0.  0.]
ja: [ 0.31479191  0.          0.        ]
jagen: [ 0.  0.  0.]
jahr: [ 0.          0.         -0.08274097]
jammer: [-1.30574652  0.          0.        ]
jucken: [-0.76267275 -0.02383243  0.        ]
jude: [ 0.          0.08719198  0.        ]
jugend: [ 0.7429796  0.         0.       ]
junge: [-0.42547623  0.          0.        ]
jungfer: [-0.77739917  0.         -0.03658416]
justieren: [ 0.  0.  0.]
justiz: [-0.77739917  0.          0.        ]
kabel: [ 0.  0.  0.]
kachexie: [ 0.  0.  0.]
kader: [ 0.  0.  0.]
kaffee: [ 0.  0.  0.]
kaiser: [ 0.60393531  0.          0.        ]
kalkulieren: [ 0.  0.  0.]
kalt: [-0.33488817 -0.22267198  0.        ]
kamera: [ 0.  0.  0.]
kammer: [ 0.  0.  0.]
kampagne: [-0.12353025  0.          0.        ]
kanal: [ 0.          0.          0.09448438]
kandidat: [ 0.17944342  0.          0.        ]
kanone: [ 0.  0.  0.]
kante: [-0.18370277  0.          0.        ]
kapazität: [ 0.  0.  0.]
kapital: [ 0.  0.  0.]
karamel: [ 0.  0.  0.]
karat: [ 0.  0.  0.]
karg: [-0.7429796  0.         0.       ]
karieren: [ 0.  0.  0.]
karriere: [ 0.00610929  0.          0.        ]
kasse: [ 0.  0.  0.]
katastrophe: [-0.87136356  0.          0.        ]
kater: [-0.54846549  0.          0.        ]
katze: [ 0.  0.  0.]
kaufen: [ 0.2465964  0.         0.       ]
kavalier: [ 0.  0.  0.]
kavität: [ 0.  0.  0.]
kehren: [-0.07787323  0.          0.        ]
keil: [-0.77739917  0.          0.        ]
keim: [ 0.  0.  0.]
kenntnis: [ 0.77739917 -0.09095157  0.        ]
kerl: [ 0.  0.  0.]
kern: [ 0.          0.13705512  0.        ]
kette: [-0.63900012  0.          0.        ]
keuchen: [-0.71070811  0.          0.        ]
kiefer: [ 0.  0.  0.]
kies: [ 0.  0.  0.]
kind: [ 0.          0.13499068  0.        ]
kindheit: [ 0.  0.  0.]
kino: [ 0.  0.  0.]
kippen: [ 0.  0.  0.]
kirche: [ 0.  0.  0.]
kitzel: [ 0.23539271  0.          0.        ]
klagen: [-1.07482739  0.          0.        ]
klamm: [ 0.         -0.01479883  0.        ]
klappe: [ 0.          0.         -0.05768142]
klappern: [ 0.  0.  0.]
klar: [ 0.5367601  0.         0.       ]
klasse: [ 0.91872563  0.          0.31327557]
klatsch: [ 0.         -0.02277428  0.        ]
klatschen: [-0.44866851  0.          0.        ]
klausel: [ 0.  0.  0.]
klausur: [ 0.  0.  0.]
klein: [-0.4558793  -0.45096258  0.        ]
klima: [ 0.  0.  0.]
klingen: [ 0.19916867  0.          0.        ]
klon: [ 0.  0.  0.]
klopfen: [-1.27800024  0.          0.        ]
kloß: [ 0.  0.  0.]
kluft: [-0.79505508  0.          0.        ]
klug: [ 0.67315855  0.          0.        ]
knabe: [ 0.  0.  0.]
knall: [ 0.  0.  0.]
knast: [-0.16454389  0.          0.        ]
kneten: [ 0.  0.  0.]
knick: [ 0.  0.  0.]
knie: [-1.27800024  0.          0.        ]
knirschen: [ 0.  0.  0.]
knochen: [ 0.          0.06088567  0.        ]
knäuel: [-0.26942028  0.          0.        ]
ko: [ 0.  0.  0.]
koalition: [ 0.  0.  0.]
koffein: [ 0.          0.09040279  0.        ]
kohl: [ 0.  0.  0.]
kokain: [ 0.          0.00957569  0.        ]
kollabieren: [-0.66106873  0.          0.        ]
kollektiv: [ 0.  0.  0.]
koller: [-0.92157554 -0.20933383  0.        ]
kolonie: [ 0.  0.  0.]
komik: [ 0.39507901  0.          0.        ]
kommission: [ 0.  0.  0.]
kommunist: [ 0.  0.  0.]
kommunizieren: [ 0.  0.  0.]
kompetent: [ 0.75204309  0.          0.        ]
komplex: [-0.62716229  0.          0.        ]
komplizieren: [ 0.         -0.49836669  0.        ]
kompromiss: [ 0.  0.  0.]
konflikt: [-0.71008681  0.          0.        ]
konform: [ 0.44866851  0.          0.        ]
konfrontieren: [ 0.  0.  0.]
konjunktur: [ 0.01403059  0.          0.        ]
konkurrieren: [-0.77739917  0.          0.        ]
konservativ: [-0.46469615  0.          0.        ]
konservieren: [ 0.  0.  0.]
konsum: [-0.33352262  0.          0.        ]
kontakt: [ 0.  0.  0.]
konto: [ 0.  0.  0.]
kontrast: [ 0.  0.  0.]
konus: [ 0.  0.  0.]
konzentrieren: [ 0.          0.         -0.08453364]
konzept: [ 0.          0.08038772  0.        ]
konzern: [ 0.  0.  0.]
konzert: [ 0.  0.  0.]
konzipieren: [ 0.  0.  0.]
kopf: [-0.43468267  0.00384096  0.0299339 ]
koppeln: [ 0.  0.  0.]
korb: [ 0.13952062  0.          0.        ]
korn: [-0.02392171  0.          0.05179097]
korrumpieren: [-0.92157554  0.          0.        ]
kosten: [-0.67127346 -0.45247268  0.        ]
krach: [-0.46414519  0.          0.        ]
kraft: [ 0.50258617  0.         -0.05376205]
krampf: [-0.62813591  0.          0.        ]
krank: [-1.3100527  0.        -0.0868457]
kranker: [-0.22293871  0.          0.        ]
kratzen: [-0.94857085 -0.09495116  0.        ]
kraut: [ 0.  0.  0.]
krebs: [-0.42173484  0.02318509  0.13206726]
kredit: [-0.77739917  0.02465695  0.        ]
kreislauf: [ 0.  0.  0.]
kreuz: [ 0.00855261  0.07777949  0.        ]
krieg: [-1.34567172  0.         -0.00233271]
krise: [-0.90259989 -0.05896333 -0.02362329]
kritik: [-0.42599965  0.32508528  0.        ]
krone: [ 0.  0.  0.]
krupp: [-0.33210355  0.          0.        ]
kränken: [-0.78854357  0.          0.        ]
kräuseln: [-0.77739917  0.         -0.02649562]
kuckuck: [ 0.  0.  0.]
kugel: [ 0.  0.  0.]
kulisse: [ 0.  0.  0.]
kultur: [ 0.77739917 -0.3468726   0.        ]
kummer: [-0.92157554  0.         -0.01059675]
kunde: [ 0.6987843  0.         0.       ]
kunst: [ 0.28212287  0.         -0.62967841]
kur: [ 0.54282763 -0.47481361 -0.11397782]
kurs: [ 0.  0.  0.]
kurz: [-0.66174724  0.          0.        ]
kutsche: [-0.33210374  0.          0.        ]
kämpfen: [ 0.25560005 -0.65453608 -0.58466028]
können: [ 0.21202471  0.          0.04324959]
körper: [ 0.          0.01595381  0.        ]
kühlen: [ 0.63900012  0.          0.        ]
kürbis: [ 0.  0.  0.]
küssen: [ 0.12943802  0.          0.        ]
lachen: [ 0.66950939  0.04200797  0.        ]
laden: [ 0.          0.00943909  0.        ]
lage: [-0.17221259  0.          0.        ]
lager: [ 0.  0.  0.]
lahm: [-0.77454484  0.          0.        ]
lampe: [ 0.  0.  0.]
land: [ 0.00282375  0.20332428  0.        ]
landen: [ 0.  0.  0.]
lang: [ 0.48698582  0.          0.        ]
langeweile: [-0.62223351  0.          0.01510236]
lassen: [-0.60037256  0.          0.        ]
last: [-0.17146795  0.          0.3051875 ]
lau: [-1.06499977  0.          0.        ]
laufen: [-0.65061842  0.          0.        ]
laune: [ 0.  0.  0.]
lauten: [ 0.  0.  0.]
lawine: [-0.77739917  0.          0.        ]
lazarett: [ 0.  0.  0.]
leben: [ 0.32976696  0.05351481  0.08767369]
lebendig: [ 0.7095556  0.         0.       ]
leber: [-0.0899207  0.         0.       ]
lecken: [ 0.  0.  0.]
leder: [ 0.  0.  0.]
leer: [-0.37538044  0.         -0.12656589]
lehren: [ 0.63900012 -0.11537824  0.04550712]
leib: [ 0.        0.        0.107926]
leicht: [ 0.46543219  0.         -0.1659868 ]
leid: [-1.03750203  0.          0.        ]
leiden: [-0.81125421  0.          0.        ]
leidenschaft: [ 0.59542091 -0.07816678  0.        ]
leidig: [-0.89944495  0.          0.        ]
leisten: [ 0.72854829 -0.00651402 -0.33624106]
leiten: [ 0.85200058  0.          0.        ]
leiter: [ 0.33024038  0.          0.        ]
lenken: [ 0.77739917  0.          0.        ]
lernen: [ 0.49700023  0.          0.        ]
lesen: [ 0.         0.0876113  0.       ]
letal: [-0.77739917  0.          0.        ]
leuchten: [ 0.58984567  0.          0.        ]
liberal: [ 0.33208667  0.          0.        ]
licht: [ 0.62813591  0.02642339  0.        ]
lieb: [ 0.50826861  0.          0.        ]
liebe: [ 0.73060728  0.         -0.50309921]
lieben: [ 0.79835156  0.         -0.32958813]
lieblings: [ 0.98762039  0.          0.        ]
liefern: [ 0.          0.          0.00904048]
likelihood: [ 0.  0.  0.]
linie: [ 0.65583088  0.          0.        ]
links: [-0.56208178  0.          0.        ]
lippe: [-0.84503315  0.          0.        ]
liquid: [ 0.77739917  0.          0.        ]
list: [-0.77739917  0.          0.        ]
literatur: [ 0.  0.  0.]
lob: [ 0.86678693  0.          0.        ]
loben: [ 0.76089512  0.          0.        ]
loch: [ 0.  0.  0.]
locken: [ 0.  0.  0.]
lohn: [ 0.04771203  0.          0.        ]
lohnen: [ 0.8215714  0.         0.       ]
lokalisieren: [ 0.  0.  0.]
look: [ 0.  0.  0.]
los: [-0.54771384  0.         -0.66345008]
lotterie: [ 0.  0.  0.]
luft: [ 0.04558846  0.01684063  0.        ]
lunge: [ -4.72941424e-01   2.93896967e-04   0.00000000e+00]
lust: [ 0.5860768   0.          0.09556803]
lustig: [ 0.44022234  0.          0.27815738]
luxus: [ 0.7429796  0.         0.       ]
lynchen: [ 0.  0.  0.]
lähmen: [-0.78854357  0.          0.        ]
längs: [ 0.  0.  0.]
lärm: [-0.78824027  0.          0.0594871 ]
lästern: [-0.92157554  0.          0.        ]
löschen: [-0.6815997  0.         0.       ]
lösen: [-0.74262166  0.         -1.01446852]
löwe: [ 0.  0.  0.]
lücke: [ 0.         -0.38173266  0.        ]
lügen: [-0.89733702  0.          0.        ]
lüstern: [-0.92157554  0.          0.        ]
mache: [ 0.  0.  0.]
machen: [ 0.         0.         0.2611331]
macht: [ 0.23962504  0.15251052 -1.01743942]
magen: [-0.16311356  0.00167279  0.        ]
mager: [ 0.  0.  0.]
mahnen: [-0.79505508  0.          0.        ]
majestät: [ 0.77739917  0.          0.        ]
makel: [-0.25560005 -0.55481727  0.        ]
mal: [ 0.          0.          0.03383247]
mandel: [ 0.  0.  0.]
mangel: [-0.88098538  0.          0.        ]
manie: [-1.24344465  0.          0.        ]
mann: [-0.27812343  0.03330149  0.19969072]
mannschaft: [ 0.  0.  0.]
mantel: [ 0.  0.  0.]
manöver: [ 0.  0.  0.]
mark: [ 0.  0.  0.]
marke: [ 0.  0.  0.]
markt: [ 0.         -0.14720813  0.        ]
marschieren: [-0.17944195  0.          0.        ]
maschine: [ 0.  0.  0.]
masse: [ 0.          0.10049513  0.        ]
massieren: [ 0.16809047  0.          0.        ]
mast: [ 0.  0.  0.]
matte: [ 0.  0.  0.]
matz: [-0.17944193  0.          0.        ]
mauer: [ 0.  0.  0.]
maul: [-0.83638141  0.         -0.00618809]
maus: [ 0.03950566  0.          0.        ]
maximum: [ 0.  0.  0.]
maß: [ 0.48738775  0.          0.        ]
maßnahme: [-0.49348457  0.          0.11095659]
maßstab: [ 0.  0.  0.]
medikament: [-0.75293543  0.          0.        ]
medium: [ 0.  0.  0.]
medizin: [ 0.  0.  0.]
mehl: [ 0.  0.  0.]
mehr: [ 0.28085333 -0.02760012  0.        ]
mehrheit: [ 0.  0.  0.]
meile: [-0.17944194  0.          0.        ]
meinen: [ 0.         0.0563432  0.       ]
meister: [ 0.63900012  0.          0.        ]
melden: [ 0.  0.  0.]
meniskus: [ 0.  0.  0.]
mensch: [ 0.01192843  0.19725367  0.09797106]
menstruieren: [ 0.  0.  0.]
merkmal: [ 0.  0.  0.]
messen: [ 0.  0.  0.]
messer: [-0.19231544  0.          0.        ]
metall: [ 0.         0.1190676  0.       ]
meter: [ 0.  0.  0.]
methadon: [ 0.  0.  0.]
meucheln: [ 0.  0.  0.]
miete: [-0.69345698  0.          0.        ]
mikro: [ 0.  0.  0.]
milch: [ 0.  0.  0.]
mildern: [ 0.         0.        -0.5782124]
militär: [-0.1154563   0.04256587  0.        ]
milliarde: [ 0.         -0.25683883  0.        ]
million: [ 0.         -0.47984912  0.        ]
minder: [-0.76730218  0.          0.        ]
mindern: [-0.42599965  0.          0.35033778]
mindest: [ 0.  0.  0.]
mine: [ 0.  0.  0.]
mineral: [ 0.00034243  0.          0.        ]
minister: [ 0.  0.  0.]
minus: [-0.60141158  0.          0.        ]
misere: [-1.27800024  0.          0.        ]
missbrauch: [-0.78854357  0.          0.        ]
misshandeln: [-0.89733702  0.          0.        ]
mission: [ 0.06634223  0.          0.        ]
misstrauen: [-1.04000319  0.          0.        ]
mitglied: [ 0.  0.  0.]
mitleid: [-0.07810585  0.0525421   0.        ]
mittag: [ 0.  0.  0.]
mittel: [ 0.          0.00883564 -0.03925744]
mittler: [ 0.          0.03963233  0.        ]
mm: [ 0.  0.  0.]
mode: [ 0.  0.  0.]
modernisieren: [ 0.58456408  0.          0.        ]
mogeln: [-0.62813591  0.          0.        ]
molch: [-0.62669894  0.          0.        ]
moment: [ 0.          0.          0.11753562]
mond: [ 0.  0.  0.]
mono: [ 0.  0.  0.]
moor: [ 0.  0.  0.]
mops: [ 0.  0.  0.]
moral: [ 0.77739917  0.          0.        ]
mord: [-0.97711171  0.          0.        ]
morphium: [ 0.  0.  0.]
moskito: [-0.05366262  0.          0.        ]
muffe: [-0.62813591  0.          0.        ]
multi: [ 0.  0.  0.]
mund: [ 0.08903522  0.          0.05933579]
munter: [ 0.89944495  0.          0.        ]
musik: [ 0.00585791  0.00878604  0.        ]
muskel: [ 0.          0.09593957  0.        ]
mut: [ 0.8004122  -0.38169821 -0.34045918]
mutter: [ 0.  0.  0.]
mysterium: [-0.77739917  0.          0.        ]
mädchen: [ 0.  0.  0.]
märtyrer: [ 0.  0.  0.]
mäßig: [-0.73541584  0.          0.44894697]
möglich: [ 0.28132108  0.          0.        ]
mücke: [-0.05366036  0.          0.        ]
müde: [-0.46414519  0.          0.        ]
mühe: [-0.45105868 -0.36379602  0.        ]
mühle: [-0.17944198  0.          0.        ]
müll: [-0.49818962  0.          0.        ]
nachahmen: [ 0.  0.  0.]
nachholen: [-0.1499454  0.         0.       ]
nachlass: [ 0.          0.         -0.65343609]
nachsorgen: [ 0.  0.  0.]
nacht: [ 0.          0.          0.00881959]
nachtundnebel: [ 0.  0.  0.]
nachwuchs: [ 0.18336184  0.          0.        ]
nacken: [ 0.  0.  0.]
nagel: [ 0.  0.  0.]
nahe: [ 0.95850018  0.         -0.24634225]
nahrungsmittel: [ 0.  0.  0.]
naht: [ 0.         -0.35528119  0.        ]
name: [ 0.  0.  0.]
narbe: [-0.79505508  0.          0.        ]
narr: [ 0.  0.  0.]
nase: [-0.24780487  0.17621283  0.        ]
natur: [ 0.16056113  0.          0.        ]
nazist: [ 0.  0.  0.]
nebel: [-0.7429796  0.         0.       ]
neben: [ 0.          0.06485227  0.        ]
nehmen: [ 0.          0.00663428 -0.00762881]
neid: [-1.03739822  0.          0.        ]
neigen: [ 0.7429796  0.         0.       ]
nennen: [ 0.07115844  0.          0.        ]
neo: [-0.36313915  0.          0.        ]
nerv: [ 0.07598517  0.12645608  0.        ]
nessel: [-0.77739917  0.          0.        ]
netz: [ 0.  0.  0.]
neu: [ 0.14517699 -0.24537264  0.        ]
neuron: [ 0.  0.  0.]
neurose: [-0.89733702  0.          0.        ]
nicht: [-0.6351789  -0.45615479  0.        ]
nichts: [-0.72130717 -0.46876862  0.        ]
niederlage: [-1.27800024  0.          0.        ]
niederlassen: [ 0.  0.  0.]
niederlegen: [ 0.  0.  0.]
niederschlag: [ 0.  0.  0.]
niere: [-0.12655135  0.03520172  0.        ]
nikotin: [ 0.          0.09040279  0.        ]
nische: [ 0.  0.  0.]
niveau: [ 0.59628121  0.          0.        ]
normal: [ 0.29880327  0.          0.        ]
not: [-0.65877785  0.         -0.11070432]
note: [ 0.  0.  0.]
null: [ 0.  0.  0.]
nutz: [ 0.  0.  0.]
nutzen: [ 0.61975543  0.          0.        ]
oase: [ 0.77739917  0.          0.        ]
obdach: [ 0.          0.08039166  0.        ]
ober: [ 0.21819554  0.          0.        ]
oberfläche: [ 0.  0.  0.]
obig: [ 0.  0.  0.]
objekt: [ 0.  0.  0.]
obrigkeit: [-0.43112429  0.          0.        ]
ochse: [-0.17944251  0.          0.        ]
ofen: [-0.10597558  0.         -0.00787279]
offen: [ 0.29521439  0.          0.        ]
offensive: [-0.66106873  0.          0.        ]
offizier: [ 0.  0.  0.]
oh: [ 0.  0.  0.]
ohnmacht: [-0.92157554  0.          0.        ]
ohr: [-0.4433035   0.01972458  0.        ]
oldtimer: [ 0.  0.  0.]
omni: [ 0.15350538  0.          0.        ]
opfer: [-0.7429796  0.         0.       ]
optik: [ 0.  0.  0.]
optimieren: [-0.02261226  0.          0.        ]
ordnen: [ 0.7429796  -0.21101533  0.        ]
organisieren: [ 0.07551074  0.          0.        ]
orientieren: [ 0.06075437  0.          0.12570536]
original: [ 0.  0.  0.]
ort: [-0.2269039  0.         0.       ]
osten: [ 0.  0.  0.]
outfit: [ 0.  0.  0.]
packen: [ 0.  0.  0.]
palast: [ 0.02095323  0.          0.        ]
panik: [-0.9682867  0.         0.       ]
pantine: [ 0.  0.  0.]
pantoffel: [ 0.  0.  0.]
papier: [ 0.  0.  0.]
papp: [ 0.  0.  0.]
paradies: [ 0.77739917  0.          0.        ]
paranoia: [-0.92157554  0.          0.        ]
paranoid: [-0.92157554  0.          0.        ]
parasit: [-0.77739917  0.          0.        ]
partei: [-0.28635951 -0.23279559  0.        ]
partisan: [ 0.  0.  0.]
partner: [ 0.17944308  0.          0.        ]
patt: [-0.38869959  0.          0.        ]
pauke: [-0.61552608  0.          0.        ]
pause: [-0.85200058  0.          0.        ]
pausen: [ 0.  0.  0.]
pelz: [ 0.  0.  0.]
periode: [-0.17944191  0.          0.        ]
peripher: [ 0.  0.  0.]
peritoneum: [ 0.  0.  0.]
person: [ 0.         0.1946975  0.       ]
personal: [-0.17670262  0.          0.        ]
personality: [-0.0593256  0.         0.       ]
perspektiv: [ 0.  0.  0.]
perspektive: [ 0.          0.08039166  0.        ]
petersilie: [ 0.  0.  0.]
pfahl: [ 0.  0.  0.]
pfeiler: [ 0.25020105  0.          0.        ]
pflanze: [ 0.  0.  0.]
pflegen: [ 0.83370102  0.         -0.22296245]
pflicht: [-0.15975003  0.13547165  0.        ]
phantom: [ 0.  0.  0.]
phobie: [-0.92157554  0.          0.        ]
physio: [ 0.  0.  0.]
pietät: [ 0.77739917  0.          0.        ]
pilz: [-0.66037057  0.04126592  0.        ]
pingpong: [ 0.  0.  0.]
plage: [-1.27800024  0.          0.        ]
plagen: [-0.89733702  0.          0.        ]
plan: [ 0.  0.  0.]
planen: [-0.63900012  0.          0.        ]
plappern: [-0.77739917  0.          0.        ]
platte: [-0.39519364  0.          0.        ]
platz: [ 0.          0.17524963  0.        ]
plaudern: [ 0.  0.  0.]
plombe: [ 0.  0.  0.]
plus: [ 0.  0.  0.]
pocke: [-0.32664257  0.          0.        ]
poesie: [ 0.13172835  0.          0.        ]
pogrom: [-0.89733702  0.          0.        ]
pokal: [ 0.  0.  0.]
pol: [-0.57489093  0.          0.        ]
polieren: [ 0.95850018  0.          0.        ]
politik: [ 0.  0.  0.]
polizei: [ 0.  0.  0.]
pollen: [ 0.  0.  0.]
polyp: [-0.89733702  0.          0.        ]
position: [ 0.  0.  0.]
post: [ 0.  0.  0.]
posten: [ 0.  0.  0.]
potent: [ 0.7240178   0.          0.19519066]
potenz: [ 0.  0.  0.]
potenzial: [ 0.          0.          0.31915199]
pott: [ 0.  0.  0.]
pracht: [ 0.76924357  0.          0.        ]
praxis: [ 0.0590331  -0.32453633  0.        ]
predigen: [ 0.          0.         -0.12565915]
preis: [ 0.57209425 -0.75409741  0.        ]
preisen: [ 0.89944495  0.          0.        ]
prellen: [-0.62813591  0.          0.        ]
presse: [ 0.  0.  0.]
prestige: [ 1.27800024  0.          0.        ]
prinzip: [ 0.58583635  0.          0.        ]
probe: [ 0.          0.         -0.31502062]
probieren: [ 0.  0.  0.]
problem: [-1.03139041  0.          0.        ]
produkt: [ 0.         0.         0.1156251]
produzieren: [ 0.10589384  0.          0.        ]
profil: [ 0.          0.01460283  0.        ]
programm: [ 0.3423665  0.         0.       ]
prozess: [ 0.  0.  0.]
prunk: [ 0.62813591  0.          0.        ]
prä: [-0.73316496  0.          0.        ]
prächtig: [ 0.88819279  0.          0.        ]
präferenz: [ 0.77739917  0.          0.        ]
präsent: [ 0.62813591  0.          0.        ]
präsident: [ 0.  0.  0.]
prüfen: [ 0.  0.  0.]
prügeln: [-0.7429796  0.         0.       ]
pseudo: [ 0.  0.  0.]
psyche: [-0.01255382  0.10216978  0.        ]
publikum: [ 0.  0.  0.]
punkt: [ 0.02311903  0.00269072 -0.13241586]
putsch: [-0.89733702  0.          0.        ]
putzen: [ 0.  0.  0.]
puzzle: [ 0.  0.  0.]
qual: [-0.73146912  0.          0.        ]
qualifizieren: [ 0.          0.          0.01020194]
qualität: [ 0.56547143  0.          0.        ]
quarz: [ 0.  0.  0.]
quetschen: [-0.62813591  0.          0.        ]
quick: [ 0.  0.  0.]
quietschen: [ 0.  0.  0.]
quote: [ 0.          0.          0.30693495]
quälen: [-1.16305781  0.          0.        ]
rache: [-1.24838396  0.          0.        ]
radikal: [-1.04489416  0.          0.        ]
raffen: [ 0.  0.  0.]
rahmen: [ 0.  0.  0.]
rakete: [ 0.  0.  0.]
rammen: [ 0.  0.  0.]
rand: [ 0.  0.  0.]
rang: [ 0.19889715  0.          0.        ]
rappeln: [ 0.  0.  0.]
rasse: [-0.35432907  0.02669534  0.        ]
rast: [ 0.          0.05276603  0.        ]
rat: [ 0.46336903  0.          0.        ]
rate: [ 0.          0.          0.22242314]
raten: [ 0.  0.  0.]
rau: [-0.62813591  0.          0.        ]
raub: [-0.66106873 -0.00963713  0.        ]
rauben: [ 0.  0.  0.]
rauch: [-0.76680014  0.          0.        ]
rauchen: [-0.1591543  0.         0.       ]
raum: [ 0.45510188  0.         -0.07873958]
rausch: [-0.30257403  0.12005805  0.1512313 ]
rauschen: [ 0.  0.  0.]
raute: [ 0.  0.  0.]
reagieren: [ 0.          0.00643207  0.08596156]
real: [ 0.44866851  0.          0.        ]
rechen: [ 0.  0.  0.]
rechenschaft: [ 0.  0.  0.]
rechnen: [ 0.  0.  0.]
recht: [ 0.30733076 -0.04558327  0.33923173]
rechts: [-0.37457518  0.          0.        ]
reden: [-0.87862516  0.33038295  0.        ]
reduzieren: [ 0.09162752  0.          0.        ]
reflektieren: [ 0.62813591  0.         -0.15679322]
reflex: [-0.44866851  0.          0.        ]
reform: [ 0.62813591 -0.22167653 -0.36392728]
regel: [ 0.          0.13700562  0.        ]
regeln: [ 0.21300047  0.         -0.07306025]
regen: [ 0.          0.05870368  0.46084948]
regenerieren: [ 0.62813591  0.          0.        ]
regie: [ 0.  0.  0.]
regieren: [ 0.46164453 -0.25485914  0.        ]
regress: [-0.77739917  0.          0.        ]
regulieren: [ 0.  0.  0.]
reha: [ 0.  0.  0.]
rehabilitieren: [ 0.66029258  0.          0.        ]
reiben: [-0.47925009 -0.56323603  0.        ]
reich: [ 0.72550442  0.         -0.28166399]
reichen: [ 0.38340007  0.          0.        ]
reichtum: [ 0.77739917  0.         -0.30621334]
reif: [ 0.52309701  0.          0.11045612]
reife: [ 0.89733702  0.          0.        ]
rein: [ 0.57595428  0.          0.        ]
reinigen: [ 0.25390845  0.          0.        ]
reisen: [ 0.14263957  0.          0.        ]
reiz: [ 0.77292449  0.          0.15319749]
reizen: [ 0.77739917  0.          0.        ]
reißen: [-0.63900012  0.          0.        ]
rekord: [ 0.  0.  0.]
religion: [ 0.  0.  0.]
rente: [ 0.         -0.22862942  0.        ]
reparieren: [ 0.19661522  0.          0.        ]
reprimieren: [ 0.  0.  0.]
repräsentieren: [ 0.  0.  0.]
respekt: [ 0.71222422  0.          0.        ]
ressentiment: [-0.89733702  0.          0.        ]
rest: [-0.48299475  0.          0.        ]
retoure: [ 0.  0.  0.]
retten: [ 0.46336903  0.          0.        ]
reue: [-0.07810585  0.02877637  0.        ]
rezept: [ 0.00743967  0.          0.        ]
rhythmus: [ 0.          0.21138767  0.        ]
richten: [ 0.32810873 -0.29208763  0.        ]
richtig: [ 0.31555929  0.          0.        ]
riechen: [ 0.          0.          0.01226279]
riemen: [ 0.  0.  0.]
riese: [ 0.  0.  0.]
rind: [-0.77739917  0.          0.        ]
ring: [ 0.  0.  0.]
rippe: [ 0.          0.12318666  0.        ]
risiko: [-1.27800024 -0.11220427  0.        ]
ritter: [ 0.70333658  0.          0.        ]
roden: [ 0.         0.         0.0127167]
roh: [-0.80878302  0.          0.        ]
rollen: [ 0.02563265  0.          0.        ]
rose: [ 0.          0.          0.17525932]
ross: [-0.46012472 -0.06777503  0.        ]
rost: [ 0.  0.  0.]
rosten: [ 0.  0.  0.]
rot: [ 0.        0.       -0.072467]
routine: [ 0.64245107  0.          0.        ]
rufen: [ 0.          0.          0.14063147]
ruhe: [ 0.75210518  0.          0.        ]
ruhm: [ 0.51120009  0.          0.        ]
rummel: [ 0.  0.  0.]
run: [ 0.  0.  0.]
runzel: [ 0.  0.  0.]
rute: [ 0.  0.  0.]
ränke: [-0.89733702  0.          0.        ]
räuchern: [-0.29691348  0.          0.        ]
rösten: [ 0.  0.  0.]
röten: [ 0.  0.  0.]
rück: [ 0.  0.  0.]
rücken: [ 0.  0.  0.]
rücksicht: [ 0.22062578  0.03313918  0.        ]
rügen: [-0.92157554  0.          0.        ]
rühren: [ 0.73345935  0.          0.        ]
rüsten: [-0.7429796   0.28962511  0.        ]
sache: [ 0.         -0.03590511  0.00969928]
sack: [ 0.          0.23050002  0.        ]
saft: [ 0.14412435  0.          0.        ]
sagen: [-0.52307527  0.          0.        ]
salmonelle: [ 0.  0.  0.]
same: [ 0.         -0.84653016  0.        ]
samt: [ 0.  0.  0.]
sand: [ 0.  0.  0.]
sanieren: [ 0.76233901  0.          0.        ]
sanktion: [-0.89733702  0.          0.        ]
satt: [ 0.75120894  0.          0.        ]
sau: [ 0.          0.12311673  0.        ]
sauber: [ 1.00112047  0.          0.        ]
saugen: [ 0.  0.  0.]
sausen: [ 0.  0.  0.]
schacht: [ 0.  0.  0.]
schaden: [-0.96843728  0.          0.        ]
schaffen: [-0.52539996  0.          0.        ]
schale: [-0.45105884  0.          0.        ]
schall: [ 0.13192095  0.          0.        ]
schalten: [-0.92945507  0.          0.        ]
scham: [-1.04271449  0.40322883  0.        ]
schande: [-0.82945283  0.          0.        ]
schanze: [ 0.  0.  0.]
scharf: [ 0.41385352  0.07367135  0.        ]
schatten: [-0.29492284  0.          0.        ]
schatz: [ 0.76274469  0.          0.        ]
schauder: [-0.62813591  0.          0.        ]
schauen: [ 0.  0.  0.]
schaufel: [ 0.  0.  0.]
schauspiel: [ 0.0383834  0.         0.       ]
scheibe: [ 0.  0.  0.]
scheide: [ 0.          0.15475109  0.        ]
scheiden: [-0.70769684  0.          0.        ]
schein: [ 0.7429796  0.         0.       ]
scheiße: [ 0.  0.  0.]
schenkel: [ 0.  0.  0.]
scheu: [-0.68857753  0.          0.        ]
scheuchen: [ 0.  0.  0.]
schicksal: [-1.27800024  0.          0.        ]
schief: [-0.91285768  0.          0.        ]
schiene: [ 0.  0.  0.]
schießen: [-1.11825021  0.          0.        ]
schiff: [-0.49064889  0.09678921  0.        ]
schild: [ 0.  0.  0.]
schimmer: [ 0.77739917  0.          0.        ]
schirm: [ 0.17944343  0.          0.        ]
schlacht: [-0.7429796  -0.42178926  0.        ]
schlafen: [ 0.          0.08039166  0.        ]
schlaff: [-0.68430331  0.          0.        ]
schlagen: [-0.35784007 -0.0997138   0.2719119 ]
schlamm: [-0.63900012  0.          0.        ]
schlange: [ 0.  0.  0.]
schlapp: [-0.33286282  0.          0.        ]
schlau: [ 0.8413238   0.          0.06037876]
schlecht: [-1.19644401  0.          0.        ]
schleim: [-0.77739917  0.70126813  0.        ]
schleuder: [ 0.  0.  0.]
schließen: [ 0.16288241  0.          0.24349843]
schlitz: [ 0.  0.  0.]
schloss: [-0.25095644  0.          0.        ]
schlucken: [ 0.  0.  0.]
schlüpfen: [ 0.17230963  0.          0.        ]
schlüssel: [ 0.3300966  0.         0.       ]
schlüssig: [ 0.70221915  0.          0.        ]
schmach: [-0.89733702  0.          0.        ]
schmal: [ 0.  0.  0.]
schmaus: [ 0.33210327  0.          0.        ]
schmecken: [ 0.47749412  0.          0.        ]
schmerz: [-0.66259076  0.          0.21393966]
schmettern: [ 0.  0.  0.]
schmiede: [ 0.  0.  0.]
schmieden: [-0.47748446  0.          0.        ]
schmieren: [ 0.          0.00755263  0.        ]
schmollen: [-0.71070811  0.          0.        ]
schmuggel: [-0.66106873  0.          0.        ]
schmutz: [-0.60141158  0.          0.        ]
schmähen: [-0.89733702  0.          0.        ]
schnauben: [ 0.  0.  0.]
schnauze: [ 0.          0.          0.02080199]
schneiden: [-0.51986494 -0.14334018  0.        ]
schnell: [ 0.5107119  0.         0.       ]
schnupfen: [-0.44866851  0.          0.        ]
schnörkel: [-0.7429796  0.         0.       ]
schock: [-0.76966887  0.         -0.08383393]
schonen: [ 0.44866851  0.          0.        ]
schorf: [-0.89733702  0.          0.        ]
schotter: [ 0.  0.  0.]
schranke: [ 0.         -0.37132707  0.        ]
schraube: [-0.02905123  0.          0.        ]
schreck: [-0.74315153 -0.09929575  0.        ]
schrecken: [-1.1169242  0.         0.       ]
schreiben: [ 0.          0.          0.09201571]
schreien: [-0.91476073  0.          0.        ]
schreiten: [ 0.17944343  0.          0.        ]
schräg: [ 0.  0.  0.]
schuh: [ 0.  0.  0.]
schuld: [-1.06150766  0.          0.        ]
schulden: [-0.62813591  0.          0.        ]
schuldner: [ 0.  0.  0.]
schule: [ 0.  0.  0.]
schulter: [ 0.  0.  0.]
schuppe: [ 0.  0.  0.]
schuster: [ 0.  0.  0.]
schwach: [-1.16778325 -0.09687611 -0.02730117]
schwall: [ 0.  0.  0.]
schwanger: [ 0.  0.  0.]
schwanken: [-0.34080049  0.          0.        ]
schwanz: [-0.29327659 -0.48540633  0.        ]
schweigen: [ 0.  0.  0.]
schwein: [ 0.  0.  0.]
schwelen: [ 0.  0.  0.]
schwelle: [-0.52065946  0.         -0.11346055]
schwer: [-0.49075617  0.04272149 -0.05369977]
schwierig: [-0.61521603  0.          0.        ]
schwimmen: [ 0.  0.  0.]
schwindel: [-0.89733702  0.          0.        ]
schwinden: [-0.77739917  0.          0.        ]
schwänzen: [-0.62813591  0.          0.        ]
schädel: [ 0.  0.  0.]
schädigen: [-0.89733702  0.          0.        ]
schädlich: [-1.55327211  0.          0.        ]
schätzen: [ 0.48945274  0.          0.        ]
schön: [ 0.61809251 -0.14276006  0.        ]
schürfen: [ 0.1481849  0.         0.       ]
schütteln: [-1.02240019  0.          0.        ]
schützen: [ 0.83258975  0.         -0.39496437]
see: [ 0.         -0.00961016  0.        ]
seele: [ 0.38652898 -0.01888397  0.        ]
segen: [ 1.24344465 -0.01647355  0.        ]
sehen: [-0.59676349  0.06390853  1.34202698]
sehne: [ 0.          0.03134759  0.        ]
sehnsucht: [ 0.7429796  0.         0.       ]
sein: [-0.29723666  0.          0.18369764]
seite: [-0.13918532  0.          0.19502348]
selbst: [-0.2322892  -0.04902007  0.        ]
selbstmord: [-0.92157554  0.          0.        ]
selig: [ 1.1169242   0.         -1.15473373]
senden: [ 0.  0.  0.]
senken: [-1.27800024  0.         -1.02433437]
sensation: [ 0.         0.0518205  0.       ]
sesshaft: [ 0.  0.  0.]
setzen: [ 0.  0.  0.]
seuche: [-0.89733702  0.          0.        ]
sex: [-0.17942775  0.05280436  0.        ]
sich: [ 0.  0.  0.]
sicher: [ 0.7917508   0.         -0.35568082]
sichern: [ 0.46415398  0.         -0.29788814]
sieben: [ 0.  0.  0.]
sieg: [ 0.77739917 -0.20885148  0.        ]
siegen: [ 0.7429796  0.         0.       ]
signal: [ 0.          0.          0.38477653]
silbe: [ 0.  0.  0.]
silber: [ 0.18783094  0.          0.        ]
sinn: [ 0.45127224  0.11690234  0.08768396]
sinnen: [ 0.  0.  0.]
sitte: [ 0.19841686  0.          0.        ]
situation: [ 0.  0.  0.]
situieren: [ 0.  0.  0.]
sitz: [ 0.  0.  0.]
sitzen: [ 0.  0.  0.]
skandal: [-1.03305601  0.          0.        ]
sklave: [ 0.         -0.63627613  0.        ]
sklera: [ 0.          0.          0.02614891]
skorpion: [-0.25882195  0.          0.        ]
skrupel: [-0.77739917  0.52161958  0.        ]
societas: [-0.75045096 -0.23223608  0.        ]
solid: [ 0.46336903  0.          0.        ]
solidarisch: [ 0.66029258  0.          0.        ]
sollen: [ 0.  0.  0.]
sommer: [ 0.          0.         -0.34136651]
sonne: [ 0.47723572  0.12892759  0.        ]
sorgen: [-0.50790118  0.          0.        ]
sorgfalt: [ 1.27800024 -0.70274141  0.        ]
sorte: [ 0.  0.  0.]
spalten: [-0.7429796  0.         0.       ]
span: [ 0.  0.  0.]
spannen: [-0.27385756  0.17627076  0.        ]
sparen: [ 0.          0.         -0.34077381]
speck: [-0.38471442  0.          0.        ]
spektakel: [ 0.62813591  0.          0.        ]
spenden: [ 0.23523941  0.          0.        ]
sperren: [-0.89944495 -0.32919059  0.        ]
spiegeln: [-0.25095644  0.          0.        ]
spielen: [-0.52882755  0.35320852  0.03192504]
spieß: [ 0.  0.  0.]
spindel: [ 0.  0.  0.]
spinne: [ 0.  0.  0.]
spionieren: [-0.89733702  0.          0.        ]
spitz: [ 0.15299133  0.          0.        ]
spitze: [ 0.86131603  0.          0.        ]
sport: [ 0.  0.  0.]
spott: [-0.96445898  0.          0.        ]
sprache: [ 0.  0.  0.]
sprechen: [ 0.          0.08714582 -0.00499629]
sprengen: [-0.22155697  0.          0.        ]
springen: [-0.63900012  0.          0.        ]
spule: [ 0.          0.         -0.08453364]
spur: [-0.79875015  0.         -0.02582752]
sputtern: [ 0.  0.  0.]
spät: [-0.66389684 -0.38817224  0.        ]
spüren: [ 0.  0.  0.]
staat: [ 0.6702299  -0.11479991  0.        ]
stab: [ 0.          0.         -0.71408447]
stabil: [ 0.62314687  0.          0.        ]
stachel: [-0.77739917  0.          0.        ]
stadt: [ 0.  0.  0.]
stahl: [ 0.  0.  0.]
stall: [-0.19021222  0.          0.        ]
stamm: [-0.17944198  0.          0.        ]
stampfen: [ 0.  0.  0.]
stand: [ 0.42599965  0.10714326  0.31417765]
stange: [ 0.  0.  0.]
stark: [ 0.16385368  0.          0.25514451]
starr: [-0.63900012  0.          0.        ]
start: [ 0.  0.  0.]
station: [ 0.  0.  0.]
statt: [ 0.  0.  0.]
staub: [-0.66027231  0.          0.        ]
staunen: [ 0.77292449  0.          0.        ]
stechen: [-0.13087243  0.          0.94042849]
stehen: [-0.20186924  0.          0.        ]
steif: [-0.44866851  0.          0.        ]
steigern: [ 0.00873473  0.          0.19760492]
steil: [-0.63900012  0.          0.        ]
stein: [-0.13055394  0.          0.24719497]
stelle: [-0.42325816  0.          0.03132206]
stellen: [ 0.0242593  0.         0.       ]
sterben: [-0.81426259  0.          0.        ]
stern: [ 0.28223868  0.          0.        ]
steuer: [-0.20121621  0.          0.        ]
steuern: [ 0.53955134  0.          0.        ]
stichel: [ 0.  0.  0.]
stief: [ 0.  0.  0.]
stier: [-0.89733702  0.          0.        ]
stiften: [ 0.  0.  0.]
stil: [ 0.27615288  0.          0.        ]
stimme: [ 0.20490328  0.          0.        ]
stimmen: [ 0.53734159  0.          0.01588426]
stinken: [-0.79114349 -0.08021587  0.        ]
stirn: [-0.43034606  0.          0.        ]
stock: [-0.58362862  0.          0.        ]
stoff: [-0.60210059  0.51787019 -0.03280263]
stoßen: [-0.18257128 -0.54320236 -0.10680955]
strafe: [-1.24344465  0.20661916 -0.01006976]
strafen: [-0.92157554 -0.16958106  0.        ]
strahl: [ 0.08586934  0.          0.        ]
stramm: [-0.44866851  0.          0.        ]
strauch: [ 0.  0.  0.]
straße: [ 0.08642877  0.07249226  0.        ]
streich: [-0.77739917  0.         -0.1629733 ]
streichen: [-0.42864285  0.          0.        ]
streifen: [-1.27800024  0.          0.        ]
streik: [-0.46414519  0.          0.        ]
streiten: [-0.86631654  0.          0.        ]
streng: [-0.6032942  0.         0.       ]
stress: [-0.46414519  0.          0.        ]
strick: [ 0.          0.          0.08553971]
stroh: [ 0.          0.00074708  0.        ]
strom: [ 0.07164656  0.01535218  0.        ]
strähne: [ 0.  0.  0.]
sträuben: [-0.79505508  0.          0.        ]
studie: [ 0.  0.  0.]
studium: [ 0.89733702  0.          0.        ]
stufe: [ 0.  0.  0.]
stuhl: [ 0.18321234  0.          0.        ]
stumm: [-0.62813591  0.         -0.00868226]
stumpf: [-0.7100007  0.         0.       ]
stups: [-0.77739917  0.          0.        ]
sturm: [-0.7429796   0.          0.59169289]
stutz: [ 0.  0.  0.]
stutzen: [-0.18928089  0.          0.        ]
ständig: [-0.85974526  0.          0.        ]
stören: [-0.37026223 -0.10649668 -0.44620389]
stück: [ 0.          0.          0.29902397]
stürzen: [-0.84802442  0.          0.        ]
stütze: [ 0.  0.  0.]
sucht: [-0.99646356  0.         -0.00894132]
suizid: [-0.89733702  0.          0.        ]
super: [ 1.00238559  0.          0.        ]
symmetrie: [-0.17944195  0.          0.        ]
sympathie: [ 0.66029258  0.          0.        ]
syndrom: [-0.77739917  0.          0.        ]
system: [ 0.50571123  0.          0.        ]
szene: [ 0.         0.         0.0046728]
säugen: [ 0.         0.0573121  0.       ]
süchtig: [-1.00569796  0.         -0.04927928]
sünde: [-0.79505508  0.          0.        ]
tabelle: [ 0.  0.  0.]
tablette: [ 0.          0.09040279  0.        ]
tabu: [-0.92157554  0.          0.        ]
tadel: [-0.77292449 -0.10085342  0.        ]
tadeln: [-0.77324785 -0.36923209  0.        ]
tafel: [ 0.  0.  0.]
tag: [ 0.  0.  0.]
tagen: [ 0.  0.  0.]
takt: [ 0.50064184 -0.0466443   0.        ]
talent: [ 0.98161964  0.          0.        ]
tanz: [ 0.63900012  0.          0.27309113]
tasche: [-0.57409164  0.          0.        ]
taste: [ 0.17944343  0.          0.        ]
tat: [ 0.02864599 -0.38524047  0.15363142]
tau: [ 0.  0.  0.]
taub: [-1.24344465  0.          0.        ]
tauglich: [ 0.46336903  0.         -0.03853367]
taumel: [ 0.          0.          0.05623748]
team: [ 0.31686846  0.          0.        ]
technik: [ 0.          0.09536821  0.        ]
teil: [ 0.  0.  0.]
teilnehmen: [ 0.  0.  0.]
temperament: [ 0.13171996  0.          0.        ]
temperatur: [ 0.  0.  0.]
tempo: [ 0.  0.  0.]
territorium: [ 0.  0.  0.]
terror: [-0.66106873  0.          0.        ]
teufel: [-0.99400047  0.          0.        ]
theater: [ 0.  0.  0.]
theorie: [ 0.  0.  0.]
therapie: [ 0.62813591  0.         -0.23126308]
these: [ 0.  0.  0.]
thrombus: [-0.47007706  0.          0.        ]
thron: [-0.2102207  0.         0.       ]
tief: [ 0.          0.09272733  0.39531929]
tier: [ 0.          0.03302839  0.        ]
tisch: [ 0.  0.  0.]
titel: [ 0.  0.  0.]
toast: [ 0.  0.  0.]
tod: [-0.72403409  0.         -0.07303659]
toffee: [ 0.  0.  0.]
toll: [ 0.92808646  0.01163255  0.        ]
ton: [-0.11851009  0.          0.        ]
top: [ 0.73339833  0.          0.        ]
topf: [ 0.  0.  0.]
tor: [ 0.  0.  0.]
tot: [-0.81969486  0.          0.        ]
toter: [-0.65197973  0.          0.        ]
tour: [ 0.  0.  0.]
tradition: [ 0.63900012  0.          0.        ]
tragen: [-0.46946955  0.3288347  -0.16902937]
tramp: [ 0.  0.  0.]
trampel: [ 0.  0.  0.]
translatieren: [ 0.  0.  0.]
tratschen: [-0.44866851 -0.03162303  0.        ]
trauer: [-0.66106873 -0.00423059  0.        ]
traum: [ 0.71887513  0.          0.        ]
trauma: [-0.66106873  0.          0.        ]
traurig: [-0.90880516  0.          0.        ]
treffen: [ 0.  0.  0.]
treiben: [-0.28399977  0.15043465  0.        ]
trend: [ 0.  0.  0.]
trennen: [-0.86975909  0.          0.        ]
treten: [ 0.20724307  0.          0.        ]
treu: [ 0.75738574 -0.02787288 -0.37410983]
trichter: [ 0.  0.  0.]
trick: [-0.63900012  0.          0.        ]
trinken: [ 0.  0.  0.]
triumph: [ 0.78811827  0.          0.        ]
trocken: [ 0.  0.  0.]
trommel: [ 0.  0.  0.]
tropfen: [ 0.  0.  0.]
trost: [ 0.74763059  0.          0.        ]
trotz: [-0.76203703  0.          0.        ]
trug: [-0.89733702  0.          0.        ]
trunk: [ 0.  0.  0.]
trunken: [-0.92157554  0.          0.46862875]
truppe: [ 0.42680676 -0.00945355  0.        ]
trächtig: [ 0.0837272   0.          0.08500056]
träumen: [-0.17944664  0.          0.        ]
trüb: [-0.52816565 -0.00061301  0.        ]
tuberculum: [ 0.  0.  0.]
tumor: [-0.89733702  0.          0.        ]
tumult: [-0.92157554  0.          0.        ]
tun: [ 0.  0.  0.]
tupf: [ 0.17944189  0.          0.        ]
tyrann: [-0.77739917  0.          0.        ]
täter: [ 0.  0.  0.]
tätig: [ 0.06442655  0.          0.20271792]
täuschen: [-1.07821589  0.          0.        ]
tönen: [-0.38576756  0.          0.        ]
töten: [-1.04372265  0.          0.        ]
tüchtig: [ 0.79505508  0.          0.        ]
ufer: [ 0.  0.  0.]
umlegen: [ 0.  0.  0.]
umranken: [ 0.  0.  0.]
umschalen: [ 0.  0.  0.]
umsetzen: [ 0.  0.  0.]
umweben: [ 0.24711785  0.          0.        ]
umwelt: [-0.00427718  0.26264216  0.        ]
unabhängig: [ 0.32213444  0.          0.        ]
unbuße: [-0.68948423  0.          0.        ]
uneigen: [ 0.  0.  0.]
unfall: [-1.27800024  0.          0.        ]
unfähig: [-1.31499684  0.          0.        ]
unglauben: [-0.6812498  -0.42514194  0.        ]
ungleich: [-0.63900012  0.          0.        ]
unglück: [-1.03314327  0.          0.        ]
unheil: [-0.89733702 -0.01204896  0.        ]
uni: [ 0.  0.  0.]
unlust: [-0.79505508  0.          0.        ]
unrein: [-0.79505508  0.          0.        ]
unruhe: [-0.78494226  0.          0.        ]
unsache: [-0.53771962  0.          0.        ]
unsicher: [-0.93541504  0.          0.        ]
untauglich: [-1.37650609  0.          0.        ]
unter: [-0.59175884  0.          0.        ]
unterbrechen: [-0.28495824  0.          0.        ]
untergehen: [-0.957117  0.        0.      ]
unterhalten: [ 0.44866851  0.          0.        ]
unterlassen: [ 0.  0.  0.]
unterliegen: [-0.8832145  0.         0.       ]
unternehmen: [ 0.          0.19416346  0.        ]
unternehmensteuer: [ 0.  0.  0.]
unterrichten: [ 0.  0.  0.]
unterscheiden: [-0.31950006  0.1790155   0.        ]
untersuchen: [ 0.  0.  0.]
untüchtig: [-0.62813591  0.          0.        ]
unwert: [-0.77739917  0.          0.        ]
unwille: [-0.62813591  0.         -0.26819346]
unwirksam: [-1.27800024  0.          0.        ]
unwohl: [ 0.  0.  0.]
unwürdig: [-1.06681096  0.          0.        ]
unzurechnen: [ 0.         -0.00929352  0.        ]
unzweck: [ 0.  0.  0.]
unzwei: [ 0.  0.  0.]
urkunde: [ 0.  0.  0.]
urlaub: [ 0.03516217 -0.09226494  0.        ]
ursache: [-0.5795453  0.         0.       ]
urteil: [ 0.29492284  0.          0.        ]
variante: [ 0.  0.  0.]
vater: [ 0.          0.03924559  0.        ]
vegetieren: [-0.89733702  0.          0.        ]
verabscheuen: [-0.92157554 -0.29479166  0.        ]
verachten: [-0.71264952  0.          0.        ]
veranstalten: [ 0.10657006  0.          0.        ]
verantworten: [-0.44866851  0.59535639  0.        ]
verantwortlich: [ 0.66133702  0.          0.        ]
verbessern: [ 0.3453197  0.         0.       ]
verbieten: [-1.26666159  0.          0.        ]
verbinden: [ 0.35878162  0.          0.        ]
verbrechen: [-0.89733702  0.          0.        ]
verbreiten: [-0.3720988  0.         0.       ]
verbrennen: [-0.62813591  0.          0.        ]
verdacht: [-0.63900012  0.          0.        ]
verdammen: [-0.78298143  0.          0.        ]
verdauen: [-0.62813591  0.          0.        ]
verderben: [-1.06305875  0.          0.        ]
verdienen: [ 0.29667881  0.          0.        ]
verdrießen: [-0.92157554  0.          0.        ]
verehren: [ 0.78811827  0.          0.        ]
verein: [ 0.  0.  0.]
vereinbaren: [ 0.3153338  0.         0.       ]
vereinigen: [ 0.  0.  0.]
vereitern: [-0.04648324  0.          0.        ]
verfahren: [ 0.  0.  0.]
verfassen: [ 0.0086282   0.22267646  0.        ]
verfestigen: [ 0.  0.  0.]
verfolgen: [-0.50064184  0.          0.        ]
verfügen: [ 0.         -0.59263416  0.        ]
vergangenheit: [-0.63900012  0.37328335  0.        ]
vergelten: [-0.66106873  0.          0.        ]
vergessen: [-0.62813591  0.          0.        ]
vergießen: [-0.89733702  0.          0.        ]
vergiften: [-0.78790747  0.          0.        ]
vergnügen: [ 0.72987602  0.          0.        ]
verhalten: [ 0.          0.13420848  0.00708413]
verhandeln: [ 0.34031618  0.         -0.3217068 ]
verheißen: [ 0.62813591  0.          0.01033301]
verhetzen: [-0.39127532  0.          0.        ]
verhältnis: [ 0.          0.         -0.03990165]
verhängnis: [-0.77739917  0.          0.        ]
verhüten: [ 0.01258263  0.          0.        ]
verjüngen: [ 0.  0.  0.]
verkalken: [ 0.          0.          0.02614891]
verkehr: [ 0.         -0.11827825  0.        ]
verkleiden: [ 0.  0.  0.]
verkrümmen: [ 0.  0.  0.]
verlegen: [-0.21300047  0.          0.        ]
verletzen: [-1.00713565  0.          0.        ]
verlieben: [ 0.89733702  0.          0.        ]
verlieren: [-0.83579714 -0.47189892 -0.22691967]
verlies: [-0.17944164  0.          0.        ]
verlängern: [ 0.07338415  0.          0.        ]
vermehren: [-0.26162716  0.          0.        ]
vermögen: [ 0.62813591  0.         -0.04103983]
verneinen: [-0.44866851  0.          0.        ]
vernichtung: [-1.04558528  0.          0.        ]
vernunft: [ 0.78811827  0.          0.        ]
verrat: [-0.78854357  0.          0.        ]
versagen: [-0.89733702  0.         -0.05747842]
verschieden: [ 0.  0.  0.]
verschließen: [-0.62813591  0.          0.        ]
verschmutzen: [-0.30017177  0.          0.        ]
versichern: [ 0.66029258 -0.04333904  0.        ]
versorgen: [ 0.676799    0.         -0.13624757]
verspannen: [-0.09908445  0.          0.        ]
versprechen: [ 0.62813591  0.          0.        ]
verstand: [ 0.43702852  0.          0.        ]
verstecken: [-0.42599965  0.          0.        ]
verstehen: [ 0.27782575  0.         -0.00684612]
verständnis: [-0.7429796   0.44629643  0.        ]
verstärken: [ 0.  0.  0.]
verstümmeln: [-0.89733702  0.          0.        ]
versuchen: [-0.70200659  0.          0.        ]
verteidigen: [-0.17239482  0.          0.        ]
verteilen: [ 0.29097676  0.          0.        ]
vertrag: [ 0.  0.  0.]
vertragen: [ 0.62813591  0.          0.        ]
vertrauen: [ 0.9538245  0.         0.       ]
verwalten: [ 0.  0.  0.]
verwandt: [ 0.19069626  0.          0.        ]
verweigern: [-0.89733702  0.          0.        ]
verweisen: [-0.79364901  0.          0.        ]
verwinden: [ 0.  0.  0.]
verwirren: [-0.79231619  0.          0.        ]
verwunden: [-0.95536816  0.          0.        ]
verwöhnen: [ 1.00286681  0.          0.        ]
verzerren: [-0.17944193  0.          0.        ]
verzinsen: [ 0.  0.  0.]
verzweifeln: [-0.66106873  0.          0.        ]
verändern: [ 0.26818238  0.          0.        ]
vetter: [-0.30073349  0.          0.        ]
viel: [ 0.385234   -0.30512357  0.        ]
vielfalt: [ 0.36919332  0.          0.        ]
virus: [ 0.          0.00891623  0.        ]
vogel: [-0.2239585  0.         0.       ]
vokal: [ 0.  0.  0.]
volk: [ 0.          0.10504162  0.        ]
voll: [ 0.          0.352133    0.21853252]
vollenden: [ 0.18174048  0.          0.        ]
vollziehen: [ 0.  0.  0.]
vorbehalt: [ 0.         -0.49287389  0.        ]
vorbild: [ 0.10398862  0.          0.        ]
vorder: [ 0.  0.  0.]
vorfallen: [ 0.  0.  0.]
vorhang: [ 0.  0.  0.]
vormacht: [ 0.07810585  0.          0.        ]
vorrat: [ 0.  0.  0.]
vorrichten: [ 0.  0.  0.]
vorschlagen: [ 0.7429796  0.        -0.397379 ]
vorschreiben: [-0.62813591 -1.79601522  0.        ]
vorsehen: [ 0.18257128  0.          0.        ]
vorsorgen: [ 0.74159454  0.         -0.2285142 ]
vorspannen: [ 0.  0.  0.]
vorspülen: [ 0.  0.  0.]
vorstehen: [ 0.  0.  0.]
vorstellen: [ 0.          0.          0.09295877]
vorteil: [ 0.64903563  0.          0.        ]
vortrag: [ 0.  0.  0.]
vorurteil: [-0.22094322 -0.46877744  0.        ]
vorwerfen: [-0.97211178  0.          0.        ]
votum: [ 0.  0.  0.]
vulkan: [ 0.  0.  0.]
völle: [-0.28961162  0.          0.        ]
wach: [ 0.62813591  0.          0.        ]
wachen: [ 0.  0.  0.]
wachsen: [ 0.46419549  0.          0.        ]
waffe: [-0.33206104 -0.20273137  0.        ]
wagen: [-0.35712052  0.          0.        ]
wahn: [-0.92157554 -0.08982981  0.        ]
wahnsinn: [-0.40357842  0.          0.        ]
wahr: [ 0.76926227  0.          0.15826862]
wahrscheinlich: [ 0.  0.  0.]
waise: [-0.77739917  0.          0.        ]
wald: [ 0.  0.  0.]
wand: [ 0.  0.  0.]
wandeln: [ 0.  0.  0.]
wange: [ 0.19360327  0.          0.        ]
wanze: [ 0.  0.  0.]
warm: [ 0.52163241  0.          0.26709704]
warnen: [-0.62813591  0.          0.        ]
waschen: [ 0.         0.         0.2746274]
wasser: [ 0.          0.01398674  0.        ]
weben: [ 0.  0.  0.]
wechseln: [ 0.          0.09032095  0.        ]
weg: [ 0.         -0.59849676  0.        ]
weh: [-1.00894796  0.          0.        ]
wehr: [ 0.  0.  0.]
weib: [ 0.  0.  0.]
weiche: [ 0.  0.  0.]
weid: [ 0.  0.  0.]
weiden: [-0.77739917  0.          0.        ]
weile: [ 0.  0.  0.]
wein: [ 0.  0.  0.]
weinen: [-0.79786935  0.          0.        ]
weise: [ 0.72927801  0.          0.20030901]
weisen: [-0.83070015  0.          0.46558493]
weit: [ 0.19194286  0.40557393  0.        ]
welle: [ 0.  0.  0.]
wellness: [ 0.89733702  0.          0.        ]
welt: [ 0.11781257  0.00888621  0.        ]
wenden: [ 0.25560005  0.         -0.74434318]
werden: [ 0.          0.          0.01621851]
werfen: [ 0.  0.  0.]
werk: [-0.44005146  0.          0.17326629]
wermut: [ 0.  0.  0.]
wert: [ 0.49153806  0.33901322  0.        ]
wesen: [ 0.          0.          0.01996711]
weste: [ 0.  0.  0.]
wettbewerb: [ 0.  0.  0.]
wetten: [ 0.         0.1973864  0.       ]
wetter: [ 0.  0.  0.]
widersprechen: [-0.80293568  0.          0.        ]
widerstehen: [ 0.89733702 -0.76264274  0.        ]
widrig: [-0.68063702  0.         -0.32211603]
wiegen: [ 0.  0.  0.]
wild: [-0.68857753  0.          0.        ]
wille: [ 0.42599965  0.         -0.12428396]
willkür: [-0.89733702  0.          0.        ]
wind: [ 0.       -0.012927  0.      ]
winkel: [ 0.  0.  0.]
wirken: [ 0.36117437  0.          0.13028023]
wirklich: [ 0.  0.  0.]
wirksam: [ 0.66133702  0.          0.        ]
wirren: [-0.89733702  0.          0.        ]
wirtschaft: [ 0.23902995  0.          0.59387501]
wischen: [-0.20191521  0.          0.        ]
wissen: [ 0.         -0.61367252 -0.22684437]
witz: [ 0.66029258  0.          0.02101363]
woche: [ 0.19354877  0.          0.        ]
wohl: [ 0.42733218 -0.23808683  0.        ]
wohlstand: [ 0.78811827  0.          0.        ]
wohnen: [ 0.47925009  0.          0.        ]
wolf: [ 0.  0.  0.]
wolke: [-0.6754622  -0.26835878  0.        ]
wonne: [ 0.89733702  0.          0.        ]
wort: [-0.69147935  0.          0.        ]
wrack: [ 0.  0.  0.]
wrange: [ 0.  0.  0.]
wund: [-0.89733702  0.          0.        ]
wunde: [-0.89063828  0.66397464  0.        ]
wunder: [ 0.28399977  0.68955479  0.        ]
wut: [-1.03723873  0.          0.        ]
wählen: [ 0.          0.01580964  0.        ]
währen: [ 0.13563277  0.          0.        ]
währung: [ 0.  0.  0.]
wünschen: [ 0.21086742 -0.68896021  0.        ]
würde: [ 0.42599965  0.          0.        ]
würdig: [ 0.73412407  0.         -0.15487233]
zahl: [ 0.3746423  -0.22794286  0.        ]
zahlen: [ 0.  0.  0.]
zahn: [-0.34736158  0.12999065  0.        ]
zank: [-0.79505508  0.          0.        ]
zart: [ 0.8430212  0.         0.       ]
zauber: [ 1.27800024  0.          0.        ]
zaudern: [-0.33286282  0.          0.        ]
zecke: [-0.25882195  0.          0.        ]
zeichen: [-0.0595121   0.         -0.77558535]
zeit: [-0.00200857 -0.06713449  0.31125003]
zelle: [ 0.  0.  0.]
zensur: [-0.99287385  0.          0.        ]
zentrum: [-0.1200334   0.         -0.06429081]
zerreißen: [-0.53016793  0.         -0.24110163]
zerren: [-0.25186854  0.          0.        ]
zerstören: [-0.59325643  0.          0.        ]
zetern: [-0.89733702  0.          0.        ]
zettel: [ 0.  0.  0.]
zeug: [ 0.  0.  0.]
zeuge: [ 0.  0.  0.]
zeugen: [ 0.  0.  0.]
ziehen: [-0.62540475 -0.02776995  0.        ]
ziel: [ 0.31106878  0.          0.        ]
ziffer: [ 0.  0.  0.]
zigarette: [ 0.  0.  0.]
zimmer: [ 0.  0.  0.]
zins: [ 0.14263209  0.          0.        ]
zitrone: [ 0.  0.  0.]
zivil: [-0.77739917  0.          0.        ]
zoll: [ 0.         -0.16595722  0.        ]
zorn: [-1.24854345  0.          0.        ]
zucken: [-0.63900012  0.          0.        ]
zucker: [ 0.  0.  0.]
zuflucht: [ 0.  0.  0.]
zufrieden: [ 0.90907204  0.          0.        ]
zugeben: [ 0.33208667  0.          0.        ]
zugehörig: [ 0.  0.  0.]
zukunft: [ 0.69068848 -0.0826041   0.        ]
zulässig: [ 0.          0.          0.02647709]
zunge: [-0.63987546  0.          0.        ]
zurechnen: [ 0.  0.  0.]
zurückgehen: [-0.6323637  0.         0.       ]
zurückstehen: [ 0.  0.  0.]
zusammenbrechen: [-0.97822398  0.          0.        ]
zusammengehörig: [ 0.  0.  0.]
zusammenhängen: [ 0.95850018 -0.05403095  0.        ]
zuschlagen: [ 0.  0.  0.]
zusetzen: [-1.24344465  0.          0.        ]
zustand: [-0.00579164  0.          0.25088303]
zuständig: [ 0.          0.          0.02647709]
zuversicht: [ 0.53002112  0.          0.        ]
zweck: [ 0.98050534 -0.25988539  0.        ]
zwei: [ 0.  0.  0.]
zweifel: [-0.51714067  0.          0.        ]
zwerchfell: [ 0.  0.  0.]
zwerg: [ 0.  0.  0.]
zwicken: [ 0.  0.  0.]
zwingen: [-1.0064379  -0.09370539  0.        ]
zwinkern: [ 0.17944168  0.          0.        ]
zwischen: [ 0.  0.  0.]
zäh: [-1.1169242  0.         0.       ]
züchten: [ 0.          0.08039166  0.        ]
zügel: [ 0.          0.05277062  0.        ]
zünden: [-0.85200058  0.          0.        ]
ähnlich: [ 0.  0.  0.]
ätzen: [-1.27800024  0.          0.        ]
äußern: [ 0.  0.  0.]
ödem: [ 0.  0.  0.]
öl: [ 0.00013967  0.01752896  0.        ]
übel: [-1.01519174  0.          0.        ]
übereinstimmen: [ 0.          0.          0.02647709]
überfallen: [-0.99180664  0.          0.        ]
übergehen: [-0.44866851 -0.34630055  0.        ]
überleben: [ 0.  0.  0.]
überlegen: [ 0.31950006  0.          0.        ]
übertragen: [ 0.  0.  0.]
übertreiben: [-0.57816654  0.          0.        ]
überzeugen: [ 0.78896494  0.          0.        ]
