[[ 0.66044432  0.          0.        ]
 [ 0.          0.          0.        ]
 [ 0.          0.          0.        ]]

[[ 0.82393375  0.          0.        ]
 [ 0.          0.          0.        ]
 [ 0.          0.          0.        ]]

[[[ 0.55963732  0.73769571  0.87404453]
  [-0.17996594  0.99853376  0.        ]
  [ 1.64693945  0.          0.15006316]]

 [[ 0.          0.          0.        ]
  [ 0.          0.          0.        ]
  [ 0.          0.          0.        ]]

 [[ 0.          0.          0.        ]
  [ 0.          0.          0.        ]
  [ 0.          0.          0.        ]]]

-: [ 0.20837498  0.          0.        ]
Achilles: [-0.01289093  0.          0.        ]
Aller: [ 0.  0.  0.]
Balkan: [ 0.  0.  0.]
Bug: [-0.60402835  0.          0.        ]
Darwin: [ 0.  0.  0.]
Franken: [ 0.6677171  0.         0.       ]
Job: [ 0.  0.  0.]
Johannes: [ 0.  0.  0.]
Kalmen: [ 0.  0.  0.]
Olymp: [ 0.03051621  0.          0.        ]
Po: [ 0.02166111  0.          0.        ]
Sisyphos: [ 0.  0.  0.]
Vietnam: [ 0.  0.  0.]
aal: [-0.52659657  0.          0.        ]
abbauen: [-0.68993856  0.10288615  0.37675043]
abbild: [ 0.  0.  0.]
abbilden: [ 0.  0.  0.]
abbrechen: [-0.87862516  0.          0.        ]
abdecken: [-0.85200058  0.          0.        ]
abdrucken: [ 0.  0.  0.]
abenteuer: [ 0.  0.  0.]
abfallen: [-0.71520935  0.48520629  0.        ]
abfangen: [ 0.  0.  0.]
abfließen: [ 0.  0.  0.]
abgas: [-0.77739917  0.          0.        ]
abgrund: [-0.77739917  0.          0.        ]
abhelfen: [ 0.62813591  0.          0.        ]
abhängig: [ -5.34661130e-01   0.00000000e+00   3.22692866e-04]
abhören: [-0.79590955  0.          0.        ]
abladen: [-0.21102016  0.          0.        ]
ablaufen: [-0.85200058  0.26597625  0.        ]
ablegen: [ 0.  0.  0.]
ablehnen: [-1.06231926  0.          0.        ]
ablenken: [-0.03210434  0.          0.        ]
abnehmen: [-0.42599965  0.          0.        ]
abnutzen: [-0.63900012  0.          0.        ]
abquetschen: [-0.60402835  0.          0.        ]
abrasiv: [-0.77739917  0.          0.        ]
abrieb: [ 0.04420959  0.          0.        ]
abrüsten: [-0.77739917  0.          0.        ]
abscheu: [-0.92157554  0.          0.        ]
abschlagen: [-0.62813591  0.          0.        ]
abschließen: [-0.11837971  0.          0.        ]
abschneiden: [-0.81327334  0.          0.        ]
abschrecken: [-0.58001748  0.          0.        ]
abschreiben: [ 0.  0.  0.]
abschürfen: [-0.62813591  0.          0.        ]
absetzen: [ 0.7429796   0.         -1.47606599]
absicht: [ 0.          0.         -0.03852911]
abstand: [ 0.  0.  0.]
absteigen: [-0.92285121  0.          0.        ]
abstinent: [ 0.89733702  0.          0.        ]
abstürzen: [ 0.  0.  0.]
abstützen: [ 0.77739917  0.          0.        ]
abtreiben: [ 0.  0.  0.]
abträglich: [-0.77739917  0.          0.        ]
abwasser: [ 0.  0.  0.]
abwechseln: [ 0.          0.07400544  0.        ]
abwehr: [-0.77739917 -0.0229865   0.        ]
abwehren: [ 0.62813591  0.          0.        ]
abweichen: [-1.27800024  0.          0.        ]
abwesend: [-0.48418338  0.          0.        ]
abwärts: [-1.27800024  0.          0.        ]
abziehen: [-0.7429796   0.17915871  0.        ]
achse: [ 0.  0.  0.]
achsel: [ 0.  0.  0.]
acht: [ 0.  0.  0.]
achten: [ 0.62813591  0.08383704  0.        ]
action: [ 0.         -0.30258291  0.        ]
adaptieren: [ 0.  0.  0.]
ader: [ 0.          0.          0.10427641]
adressieren: [ 0.  0.  0.]
affe: [-0.85200058  0.          0.        ]
affekt: [ 0.          0.20528261  0.        ]
agent: [-0.09593119  0.          0.        ]
aggressiv: [-1.06528262  0.          0.        ]
agieren: [ 0.15041159  0.          0.06945187]
agrar: [ 0.  0.  0.]
ahnen: [ 0.7429796  0.         0.       ]
aids: [-0.89733702  0.          0.        ]
akkommodieren: [ 0.  0.  0.]
akt: [ 0.          0.          0.09691143]
akte: [ 0.  0.  0.]
aktiv: [ 0.58878568  0.          0.04985476]
akzeptieren: [ 0.33208667  0.          0.        ]
alarm: [-0.63900012  0.          0.        ]
albtraum: [-1.27800024  0.02001425  0.        ]
alkohol: [-0.73515239  0.          0.        ]
all: [ 0.30586544  0.          0.        ]
allantois: [ 0.  0.  0.]
allein: [-0.51663799  0.          0.        ]
allergie: [-0.89733702  0.          0.        ]
allgemein: [ 0.  0.  0.]
almosen: [-0.77739917  0.          0.        ]
alt: [-0.63528497  0.83279506  0.05786191]
altar: [ 0.  0.  0.]
alter: [-0.68815456  0.          0.        ]
altern: [ 0.  0.  0.]
amok: [ 0.  0.  0.]
amt: [ 0.         0.         0.0019141]
analyse: [ 0.  0.  0.]
analysieren: [ 0.30942888  0.          0.        ]
anbeten: [ 0.77739917 -0.11000064  0.        ]
anders: [ 0.  0.  0.]
anerkennen: [ 0.66133702  0.          0.        ]
anfallen: [-0.9058148  0.         0.       ]
anfangen: [ 0.  0.  0.]
anfertigen: [-0.7429796   0.          0.10067622]
anfällig: [-0.81915302  0.         -0.02817065]
angeben: [-0.46370095  0.          0.09643962]
angel: [-0.72626982  0.          0.        ]
angelegenheit: [ 0.  0.  0.]
angreifen: [-0.73476521  0.         -0.11094678]
angst: [-0.88029239  0.          0.        ]
anheben: [-0.43216877  0.          0.        ]
anhängen: [-0.62813591  0.          0.        ]
anker: [ 0.  0.  0.]
anklagen: [-0.78854357  0.          0.        ]
anlage: [ 0.  0.  0.]
anlegen: [ 0.58090862  0.         -0.42803018]
annehmen: [ 0.38651539  0.          0.        ]
anpassen: [ 0.33208667  0.          0.        ]
anpressen: [ 0.  0.  0.]
anreichern: [ 0.61600888  0.          0.        ]
ansammeln: [ 0.  0.  0.]
anschlagen: [-0.77739917  0.          0.00519602]
ansiedeln: [ 0.07664666  0.          0.        ]
ansprechen: [ 0.58090862  0.          0.        ]
anspruch: [-0.63900012  0.          0.26209281]
anstalt: [ 0.  0.  0.]
anstand: [ 0.17190538  0.          0.        ]
anstecken: [-0.62813591  0.          0.        ]
anstrengen: [-0.58982463  0.          0.        ]
anständig: [ 0.58683307  0.          0.        ]
anteil: [ 0.         -0.18301539  0.        ]
anti: [-0.7302864   0.34430877  0.        ]
antrag: [ 0.  0.  0.]
antreiben: [-0.18249572  0.          0.        ]
antreten: [ 0.  0.  0.]
anwalt: [-0.52562468  0.          0.        ]
anwenden: [ 0.7429796  0.         0.       ]
anziehen: [ 0.33208667  0.          0.        ]
apfel: [ 0.  0.  0.]
apparat: [ 0.  0.  0.]
appartement: [ 0.  0.  0.]
arbeiten: [-0.47925009 -0.02288365  0.35929791]
arbeitgeber: [ 0.  0.  0.]
architekt: [ 0.20095956  0.          0.        ]
arm: [-0.82725867 -0.03563739 -0.49242555]
arrest: [-0.77739917  0.          0.        ]
art: [ 0.         -0.20142897  0.        ]
arterie: [-0.78631732  0.          0.        ]
artig: [ 0.90560786  0.95651805  0.30951171]
artikel: [ 0.  0.  0.]
artillerie: [ 0.01429973  0.          0.        ]
asbest: [ 0.  0.  0.]
asche: [ 0.  0.  0.]
ast: [ 0.  0.  0.]
asylant: [ 0.  0.  0.]
atem: [ 0.         -1.06165345  0.        ]
atmen: [ 0.  0.  0.]
atom: [  1.69003401e-02   1.96929019e-01  -1.62993021e-04]
attackieren: [-0.66106873  0.         -0.10636199]
attentat: [-0.89733702  0.          0.        ]
attrahieren: [ 0.62813591  0.          0.        ]
aufbauen: [ 0.58718871  0.          0.11105936]
aufbrechen: [ 0.  0.  0.]
auffassen: [ 0.  0.  0.]
auffordern: [-0.8616082  0.         0.       ]
aufgeben: [-0.76847798  0.          0.        ]
aufhalten: [-0.85200058  0.          0.52258131]
aufklären: [ 1.1169242  0.         0.       ]
auflager: [-0.14883247  0.          0.        ]
auflösen: [ 0.7429796  0.         0.       ]
aufnehmen: [ 0.28492947  0.         -0.01600496]
aufopfern: [ 0.62813591  0.          0.        ]
aufragen: [ 0.09266319  0.          0.        ]
aufreiben: [-0.44866851  0.          0.        ]
aufschließen: [ 0.77739917 -0.04296676  0.        ]
aufschwung: [ 0.78811827  0.          0.        ]
aufsehen: [-0.77739917  0.         -0.86222368]
aufsicht: [-0.63900012  0.          0.        ]
aufstand: [-0.78854357  0.          0.        ]
aufsteigen: [ 0.66133702  0.          0.        ]
auftreiben: [ 0.7429796   0.57168576  0.        ]
aufwand: [-0.29570734  0.          0.        ]
aufwärts: [ 0.7429796  0.         0.       ]
auge: [ 0.  0.  0.]
ausbilden: [ 0.65063456  0.         -0.6816074 ]
ausbrechen: [-0.66250425  0.          0.        ]
ausdehnen: [ 0.  0.  0.]
ausdrücken: [ 0.57330583  0.          0.        ]
ausfallen: [-0.41740691  0.          0.        ]
ausführen: [ 0.81327334  0.          0.        ]
ausgehen: [ 0.  0.  0.]
aushängen: [ 0.02166111  0.          0.        ]
auskunft: [ 0.12780002  0.          0.        ]
ausland: [ 0.  0.  0.]
ausnehmen: [-0.38857919  0.          0.        ]
ausrichten: [ 0.  0.  0.]
ausrufen: [ 0.  0.  0.]
aussagen: [ 0.01170577  0.          0.04351083]
ausscheiden: [-0.7429796  0.         0.       ]
ausschlagen: [ 0.  0.  0.]
ausschuss: [-0.49634     0.         -0.63789073]
aussehen: [ 0.  0.  0.]
ausser: [ 0.  0.  0.]
aussicht: [ 0.7429796  -0.04284357  0.        ]
ausstatten: [ 0.  0.  0.]
ausstellen: [-0.42599965  0.          0.        ]
aussteuern: [ 0.  0.  0.]
ausstrahlen: [ 0.  0.  0.]
ausströmen: [-0.77739917  0.09598631  0.        ]
austauschen: [ 0.23176203  0.          0.        ]
ausweg: [ 0.  0.  0.]
ausweichen: [-0.85200058  0.          0.        ]
auswerten: [-0.77739917  0.          0.        ]
auto: [ 0.  0.  0.]
autobahn: [ 0.  0.  0.]
außen: [ 0.  0.  0.]
avalanche: [ 0.  0.  0.]
bach: [ 0.  0.  0.]
backe: [ 0.  0.  0.]
bad: [ 0.  0.  0.]
baden: [ 0.  0.  0.]
bahn: [ 0.         -0.63966504 -0.27701229]
bakterie: [ 0.  0.  0.]
balken: [ 0.  0.  0.]
ball: [-0.12390134  0.          0.        ]
ballen: [ 0.  0.  0.]
band: [-0.61933808  0.          0.        ]
bande: [ 0.  0.  0.]
bank: [ 0.  0.  0.]
bann: [ 0.  0.  0.]
base: [ 0.  0.  0.]
basis: [ 0.  0.  0.]
bauch: [ 0.          0.15906137  0.        ]
bauen: [ 0.34407728  0.          0.23782665]
bauer: [-0.79755166  0.          0.        ]
baum: [ 0.26175641  0.          0.        ]
bausparen: [ 0.  0.  0.]
beachten: [ 0.  0.  0.]
beanspruchen: [-0.21086742  0.          0.        ]
beantworten: [ 0.  0.  0.]
becken: [ 0.  0.  0.]
bedarf: [ 0.21086742  0.          0.        ]
bedauern: [-0.39910065 -0.26612177  0.        ]
bedecken: [ 0.  0.  0.]
bedenken: [-0.32825442  0.         -0.74829218]
bedeuten: [ 0.25390845  0.          0.        ]
bedeutung: [ 0.42599965  0.          0.        ]
bedienen: [ 0.  0.  0.]
bedingen: [-0.57846311  0.          0.        ]
bedrohen: [-0.96717028  0.          0.        ]
bedürfen: [-0.82975938  0.         -0.02946384]
bedürfnis: [-0.47389048  0.         -0.1935422 ]
befallen: [-1.13016385  0.          0.        ]
befehlen: [-0.60118654  0.          0.        ]
befinden: [ 0.          0.          0.13153134]
befreien: [-0.31950006  0.04353183  0.        ]
befugen: [ 0.4728254  0.         0.       ]
befähigen: [ 0.79505508  0.         -0.2277696 ]
begabt: [ 0.89733702  0.          0.        ]
begehren: [ 0.79505508  0.          0.        ]
begeistern: [ 0.98154723  0.          0.        ]
begier: [ 0.77739917  0.          0.        ]
begierde: [ 0.71070811 -0.09732092  0.        ]
beginnen: [ 0.  0.  0.]
beglaubigen: [ 0.  0.  0.]
begleiten: [ 0.  0.  0.]
begreifen: [ 0.  0.  0.]
begrenzen: [ 0.         0.        -0.5207045]
begriff: [ 0.  0.  0.]
begrüßen: [ 0.68857753  0.          0.        ]
begünstigen: [ 0.68021172  0.          0.        ]
behaften: [ 0.          0.          0.13131893]
behalten: [-0.70626383  0.          0.        ]
beharren: [ 0.28897327 -1.02006631  0.        ]
beherrschen: [ 0.02131139  0.28387977 -0.49094009]
behindern: [-0.7429796   0.94699941 -0.19904051]
behörde: [-0.51123365  0.          0.        ]
beichten: [-0.2046263  0.         0.       ]
beifall: [ 0.77739917  0.          0.        ]
beileid: [-0.07810585  0.          0.        ]
bein: [ 0.  0.  0.]
beinahe: [ 0.  0.  0.]
beispiel: [ 0.         -0.17604538  0.        ]
beitrag: [ 0.7429796  0.         0.       ]
beißen: [-0.70606929  0.          0.        ]
bejahen: [ 0.89733702  0.          0.        ]
bekannt: [ 0.00388076  0.          0.        ]
bekennen: [ 0.79505508  0.          0.        ]
beklagen: [-1.03117625  0.          0.        ]
beladen: [-0.25882426  0.          0.        ]
belang: [ 0.  0.  0.]
belasten: [-0.95215096  0.          0.15519476]
beleidigen: [-1.10900839  0.          0.        ]
bemerken: [ 0.          0.03276706  0.        ]
bemitleiden: [-0.28897327 -0.40861304  0.        ]
bemitteln: [ 0.  0.  0.]
benefiz: [ 0.77739917  0.          0.        ]
beneiden: [-0.68857753  0.39044168  0.        ]
benutzen: [ 0.  0.  0.]
beobachten: [ 0.  0.  0.]
berauben: [-0.77739917 -0.74031654  0.        ]
bereich: [ 0.  0.  0.]
bereifen: [-0.77739917  0.          0.        ]
bereit: [ 0.4407936   0.          0.04711359]
berg: [ 0.05021332  0.          0.        ]
bergundtal: [ 0.  0.  0.]
berichten: [ 0.  0.  0.]
beruf: [ 0.  0.  0.]
beruhigen: [ 0.361815  0.        0.      ]
berühmt: [ 0.65017437  0.          0.        ]
berühren: [ 0.62813591  0.          0.        ]
besaiten: [-0.45947881  0.         -0.02667646]
beschaffen: [ 0.  0.  0.]
bescheid: [ 0.  0.  0.]
bescheinigen: [ 0.21086742  0.          0.        ]
beschießen: [ 0.  0.  0.]
beschließen: [ 0.21086742  0.          0.        ]
beschneiden: [-0.77739917  0.          0.        ]
beschränken: [-0.57562112  0.          0.        ]
beschwerde: [-1.27800024  0.2154392   0.        ]
beschwören: [ 0.62813591  0.          0.        ]
beschädigen: [-0.52281839  0.          0.        ]
beschäftigen: [-0.42599965  0.          0.20967628]
beseitigen: [-0.7302864  0.         0.       ]
besessen: [-0.89733702  0.          0.        ]
besetzen: [ 0.  0.  0.]
besinnen: [ 0.7429796  0.         0.       ]
besitzen: [ 0.          0.          0.18940478]
besonder: [ 0.45876886  0.          0.        ]
besorgnis: [-0.78854357  0.          0.        ]
besser: [ 0.66029258  0.          0.        ]
bestand: [ 0.77739917  0.          0.        ]
bestechen: [-0.66106873  0.          0.        ]
bestimmen: [ 0.61758527  0.12767621  0.        ]
beständig: [ 0.7429796   0.          0.02356371]
bestätigen: [ 0.41106017  0.          0.        ]
besuchen: [ 0.  0.  0.]
betonen: [ 0.51375945  0.         -0.24095024]
betragen: [ 0.  0.  0.]
betreuen: [ 0.13994492  0.         -0.2093273 ]
betrieb: [ 0.          0.20306847  0.        ]
betrügen: [-1.45550588  0.         -0.00281418]
bett: [ 0.  0.  0.]
betteln: [-0.71070811  0.          0.        ]
betucht: [ 0.44866851  0.          0.        ]
betäuben: [-0.63900012  0.          0.        ]
beugen: [-0.71088054  0.          0.        ]
beule: [-0.66176232  0.          0.        ]
beute: [-0.92157554  0.          0.        ]
beutel: [ 0.  0.  0.]
beuteln: [ 0.  0.  0.]
bevorrechtigen: [ 0.62813591  0.          0.        ]
bewegen: [ 0.62813591  0.         -0.38773464]
beweihräuchern: [ 0.77739917  0.          0.        ]
beweisen: [ 0.89733702  0.          0.        ]
bewohnen: [ 0.  0.  0.]
bewundern: [ 1.06263344 -0.04952557  0.        ]
bewusst: [ 0.49599817  0.         -0.46123377]
bewusstsein: [ 0.  0.  0.]
bewähren: [ 0.  0.  0.]
bezeugen: [ 0.  0.  0.]
beziehen: [-0.76680014 -0.83635839  0.55078135]
bi: [ 0.  0.  0.]
biegen: [-0.76680014  0.          0.        ]
biene: [-0.12333353  0.          0.        ]
bier: [ 0.         -0.38890928  0.        ]
bieten: [ 0.  0.  0.]
bilanz: [ 0.  0.  0.]
bild: [ 0.          0.          0.13641492]
bilden: [ 0.31670202  0.          0.        ]
binden: [ 0.51120009  0.          0.        ]
binse: [-0.79858778  0.          0.        ]
bio: [ 0.  0.  0.]
birne: [ 0.  0.  0.]
bissen: [ 0.16255287  0.          0.        ]
bitter: [-0.9227891  0.         0.       ]
blase: [-0.51675595  0.          0.        ]
blaster: [ 0.  0.  0.]
blatt: [-0.16783835  0.          0.        ]
blau: [-0.38668677  0.          0.        ]
blech: [ 0.          0.         -0.14484511]
blei: [ 0.  0.  0.]
blenden: [-0.25739288  0.          0.        ]
blicken: [ 0.60326808  0.          0.        ]
blind: [-0.86531232  0.22543606  0.        ]
blitz: [ 0.  0.  0.]
block: [ 0.  0.  0.]
blockieren: [-1.13649021  0.          0.        ]
blume: [ 0.  0.  0.]
blut: [-0.76680014  0.03294775  0.00841506]
bluten: [ 0.  0.  0.]
blöde: [-0.33348543  0.          0.        ]
blüte: [ 0.77739917  0.          0.        ]
bock: [-0.42599965  0.          0.        ]
boden: [ 0.         -0.39865793 -0.1098569 ]
bogen: [-0.07097102  0.          0.        ]
bohren: [-0.62813591  0.          0.        ]
bombe: [-0.77739917  0.15873871  0.        ]
borste: [-0.7429796  0.         0.       ]
bot: [ 0.  0.  0.]
bote: [ 0.  0.  0.]
boykott: [-0.92157554  0.          0.        ]
brachial: [-1.27800024  0.          0.        ]
branden: [ 0.  0.  0.]
braten: [ 0.  0.  0.]
braue: [ 0.  0.  0.]
braun: [ 0.  0.  0.]
bravo: [ 0.89733702  0.          0.        ]
brechen: [-0.81190588 -0.54656602 -0.03914291]
breit: [ 0.30672006  0.          0.        ]
bremse: [-0.00569354  0.          0.        ]
brennen: [-0.66568405  0.          0.        ]
brett: [ 0.  0.  0.]
brief: [ 0.22060103  0.          0.        ]
bringen: [ 0.          0.          0.13691964]
brot: [ 0.  0.  0.]
bruch: [-0.89420018  0.          0.        ]
bruder: [ 0.  0.  0.]
brummen: [-0.5975542  0.         0.       ]
brunnen: [ 0.  0.  0.]
brust: [ 0.  0.  0.]
brödelei: [ 0.         0.1277095  0.       ]
brücke: [ 0.  0.  0.]
bub: [-0.19456165  0.          0.        ]
buch: [ 0.  0.  0.]
buchstabe: [ 0.  0.  0.]
buhne: [ 0.  0.  0.]
bulle: [-0.77739917  0.54924975  0.        ]
bummeln: [-0.77739917  0.         -0.97496649]
bund: [ 0.  0.  0.]
burg: [ 0.  0.  0.]
burn-out: [ 0.  0.  0.]
butter: [ 0.  0.  0.]
buße: [-0.77739917  0.4085888   0.12670461]
bär: [ 0.09247291  0.          0.        ]
börse: [ 0.0879192  0.         0.       ]
böse: [-1.04928064  0.          0.        ]
bündnis: [ 0.  0.  0.]
bürgen: [ 0.62813591  0.          0.        ]
bürger: [ 0.77739917  0.         -0.54189625]
chance: [ 0.25560005  0.00631788  0.        ]
chaos: [-1.01238572  0.          0.        ]
charakter: [ 0.7429796  0.         0.       ]
charisma: [ 0.76924357  0.          0.        ]
chemie: [ 0.  0.  0.]
chevreau: [ 0.  0.  0.]
chiffrieren: [ 0.  0.  0.]
chip: [ 0.27728606  0.          0.        ]
chor: [ 0.  0.  0.]
christ: [ 0.  0.  0.]
container: [ 0.  0.  0.]
courage: [ 0.92157554  0.         -0.51745517]
crimen: [-0.88399952  0.          0.        ]
dach: [ 0.  0.  0.]
dame: [ 0.  0.  0.]
dampf: [ 0.  0.  0.]
dank: [ 0.82867676  0.          0.        ]
darm: [ 0.          0.0728454   0.15699836]
darstellen: [ 0.  0.  0.]
das: [ 0.         0.        -0.0771364]
dasein: [ 0.  0.  0.]
daten: [-0.13330218  0.          0.        ]
dauer: [ 0.         0.         0.0617151]
deck: [ 0.  0.  0.]
decke: [ 0.  0.  0.]
deckel: [ 0.  0.  0.]
decken: [ 0.          0.48723145  0.        ]
defekt: [-1.01003298  0.          0.        ]
dehnen: [ 0.  0.  0.]
delikt: [-0.92157554  0.          0.        ]
demokrat: [ 0.74050253  0.         -0.1004328 ]
demonstrieren: [ 0.          0.          0.00603544]
denken: [ 0.  0.  0.]
denkmal: [ 0.  0.  0.]
depot: [ 0.  0.  0.]
deprimieren: [-0.92157554  0.          0.        ]
derma: [-0.35075343  0.          0.        ]
destillieren: [ 0.  0.  0.]
detail: [ 0.  0.  0.]
diamant: [ 0.  0.  0.]
dicht: [ 0.  0.  0.]
dichten: [ 0.         -0.27698742  0.        ]
dick: [-0.29635457  0.         -0.16761013]
didakt: [ 0.20451937  0.          0.        ]
dieb: [-0.97332261  0.          0.        ]
dienen: [ 0.20309306  0.          0.        ]
dienern: [-0.35075428  0.          0.        ]
dienst: [ 0.17768277 -0.41544771  0.        ]
dienstbar: [-0.77739917  0.          0.        ]
diesig: [-0.77739917  0.          0.        ]
differenz: [ 0.  0.  0.]
digital: [ 0.  0.  0.]
diktieren: [ 0.  0.  0.]
ding: [ 0.          0.          0.00337773]
diplomat: [-0.23080891  0.          0.        ]
diskutieren: [ 0.  0.  0.]
distanz: [ 0.  0.  0.]
disziplin: [ 0.38748454  0.07340552  0.        ]
dividend: [ 0.  0.  0.]
dividende: [ 0.77739917 -0.18806711  0.        ]
diät: [ 0.  0.  0.]
diäten: [ 0.  0.  0.]
doktor: [ 0.08200362  0.          0.        ]
dokument: [ 0.  0.  0.]
dolch: [ 0.  0.  0.]
donner: [-0.77739917  0.          0.        ]
doof: [-0.93552372  0.          0.        ]
doppelt: [ -1.00899468e+00  -6.41254920e-02  -1.39772741e-04]
draht: [ 0.  0.  0.]
drama: [-0.77739917  0.          0.        ]
dreck: [-1.04563679  0.          0.        ]
drehen: [ 0.  0.  0.]
dreist: [-0.94704392  0.          0.        ]
dribbeln: [ 0.23723068  0.          0.        ]
droge: [-0.65350579  0.32664745  0.        ]
drohen: [-0.95334604  0.          0.        ]
drossel: [-0.77739917  0.          0.        ]
drosseln: [-0.7429796  0.         0.       ]
druck: [-0.49153806  0.41734694  0.        ]
drängen: [-0.84613061 -0.36206911  0.        ]
drüse: [ 0.  0.  0.]
dumm: [-1.07386963  0.          0.        ]
dunkel: [-0.34117357  0.          0.        ]
dunst: [-0.7429796  0.         0.       ]
durchblicken: [ 0.  0.  0.]
durchbluten: [ 0.  0.  0.]
durchfahren: [ 0.  0.  0.]
durchhalten: [ 0.46336903  0.          0.        ]
durchmesser: [ 0.  0.  0.]
durchschießen: [ 0.  0.  0.]
durchschlagen: [ 0.  0.  0.]
durchsetzen: [ 0.5133383  0.         0.       ]
durst: [-1.27800024 -0.26906352  0.        ]
dusel: [ 0.77739917  0.38108371 -0.71395888]
dutzend: [-0.35020181  0.          0.        ]
dämpfen: [ 1.27800024  0.          0.        ]
düngen: [ 0.  0.  0.]
dünn: [ 0.  0.  0.]
dürftig: [-0.50967069  0.          0.        ]
dürr: [-0.68063702  0.          0.        ]
eben: [ 0.31746548 -0.327331    0.        ]
ebene: [ 0.  0.  0.]
echt: [ 0.68468198  0.          0.        ]
ecke: [ 0.52010399  0.          0.        ]
edel: [ 0.9515596  0.         0.       ]
effekt: [-0.61429924  0.          0.        ]
effektiv: [ 0.44356662  0.08244037  0.        ]
effizient: [ 0.76924357  0.          0.        ]
egel: [ 0.  0.  0.]
ego: [-1.27800024  0.          0.        ]
ehe: [ 0.          0.          0.00056096]
ehre: [ 0.63900012  0.          0.        ]
ehren: [ 0.56742868  0.          0.        ]
ehrfurcht: [ 0.76924357  0.          0.        ]
ei: [ 0.  0.  0.]
eifer: [ 0.78811827  0.          0.        ]
eifern: [ 0.50998929  0.          0.        ]
eifersucht: [-0.92157554  0.          0.        ]
eigen: [ 0.         -1.14296343  0.34173162]
eigenschaft: [ 0.  0.  0.]
eigentum: [ 0.  0.  0.]
eile: [-0.77744231  0.          0.        ]
ein: [-0.02726551  0.          0.        ]
einbilden: [-0.44866851  0.          0.        ]
einbrechen: [-0.58668564  0.          0.        ]
eindruck: [ 0.335746  0.        0.      ]
eindämmen: [ 0.44866851  0.         -0.51269435]
einfallen: [ 0.  0.  0.]
einfliegen: [ 0.  0.  0.]
einfluss: [ 0.          0.          0.18581835]
einflößen: [ 0.  0.  0.]
einfuhr: [ 0.  0.  0.]
einfärben: [ 0.  0.  0.]
einfühlen: [ 0.  0.  0.]
einführen: [ 0.66770635  0.          0.        ]
einhalten: [ 0.  0.  0.]
einjagen: [ 0.  0.  0.]
einkommen: [ 0.62813591 -0.10736104  0.        ]
einnehmen: [ 0.46336903  0.          0.05460443]
einschlagen: [-1.27800024  0.          0.        ]
einschätzen: [ 0.  0.  0.]
einschüchtern: [-0.78854357  0.          0.        ]
einsehen: [ 0.11898847  0.          0.        ]
einsetzen: [ 0.  0.  0.]
einsparen: [-0.02133628 -0.01521258  0.        ]
einspruch: [-0.77739917  0.          0.        ]
einstand: [-0.02872008  0.          0.        ]
einstellen: [ 0.00675354  0.          0.        ]
eintopf: [ 0.  0.  0.]
einwenden: [ 0.14759691  0.          0.        ]
einzeln: [ 0.  0.  0.]
einziehen: [-0.42277101  0.         -0.27024284]
eis: [-0.52793113  0.          0.        ]
eisen: [ 0.  0.  0.]
eiter: [ 0.  0.  0.]
eiweiß: [ 0.  0.  0.]
ekel: [-1.03160349  0.          0.        ]
elektrisch: [-0.28399977  0.          0.        ]
elektro: [ 0.         -0.18559139  0.        ]
elektron: [ 0.  0.  0.]
elektronik: [ 0.  0.  0.]
elfmeter: [-0.21086742  0.          0.        ]
elite: [ 0.77739917  0.          0.        ]
elter: [ 0.  0.  0.]
embargo: [-0.89733702  0.          0.        ]
emotion: [ 0.         -0.46147281  0.        ]
empfangen: [ 0.         0.         0.0398517]
empfehlen: [ 0.58469476  0.         -0.02387591]
empfinden: [-0.40521937  0.          0.64559971]
end: [-0.48789286  0.0451085   0.        ]
ende: [-0.64602273  0.          0.        ]
energie: [ 0.89733702  0.          0.        ]
eng: [-0.5591251  0.         0.       ]
engel: [ 0.85200058  0.          0.        ]
enkel: [ 0.  0.  0.]
entblößen: [ 0.         -0.19024464  0.        ]
enteignen: [-0.77739917  0.          0.        ]
entern: [ 0.  0.  0.]
entfalten: [ 0.  0.  0.]
entfremden: [-0.68063702  0.          0.        ]
entführen: [-0.64262857  0.          0.        ]
entlassen: [-0.46414519  0.         -1.01485454]
entleeren: [-0.54567487  0.          0.        ]
entsagen: [ 0.62813591  0.          0.        ]
entscheiden: [ 0.01719228  0.         -0.43020493]
entschließen: [ 0.  0.  0.]
entsorgen: [ 0.          0.         -0.60407631]
entspannen: [ 0.64932514  0.          0.        ]
entstören: [ 0.  0.  0.]
enttraumatisieren: [ 0.  0.  0.]
entwerfen: [ 0.  0.  0.]
entwickeln: [ 0.23197605  0.          0.        ]
entziehen: [ 0.          0.89338465  0.        ]
entzünden: [-0.62813591  0.          0.19436554]
epoche: [ 0.40174092  0.          0.        ]
erbarmen: [-0.2046263  0.         0.       ]
erbe: [ 0.  0.  0.]
erben: [ 0.77739917  0.          0.        ]
erbieten: [ 0.  0.  0.]
erbietig: [ 0.06387237  0.          0.        ]
erde: [ 0.  0.  0.]
ereignis: [ 0.          0.00255499  0.03107034]
erfahren: [ 0.39937507 -0.26969417 -0.39756299]
erfinden: [-1.1169242   0.18766385  0.        ]
erfolg: [ 0.28689827  0.08788345 -0.25290615]
erfreuen: [ 0.7723186   0.         -0.27684868]
erfrischen: [ 0.62813591  0.         -0.05851258]
erfüllen: [ 0.41400051  0.          0.08625953]
ergeben: [ 0.37588287  0.          0.        ]
ergebnis: [ 0.41780767  0.          0.        ]
ergießen: [ 0.          0.          0.08701925]
ergon: [ 0.  0.  0.]
ergreifen: [-0.6782457  0.         0.       ]
erhalten: [ 0.35500035  0.0273433  -0.47408898]
erheben: [ 0.63900012  0.         -1.11012156]
erholen: [ 0.68816215  0.          0.        ]
erhöhen: [ 0.565383    0.74365381  0.        ]
erinnern: [ 0.          0.02165802  0.        ]
erkennen: [ 0.  0.  0.]
erkranken: [-0.92157554  0.          0.        ]
erkälten: [-0.62813591  0.          0.        ]
erlass: [-0.13448653  0.         -0.67397935]
erlauben: [ 0.46336903  0.         -0.07068216]
erleben: [ 0.         -0.61157734  0.        ]
erlebnis: [ 0.63900012 -0.04398954  0.        ]
ermessen: [ 0.  0.  0.]
ermüden: [-0.9551522  0.         0.       ]
erneuern: [ 0.7429796  -0.23133591  0.        ]
erniedrigen: [-0.78854357  0.          0.        ]
ernst: [-0.62389831  0.          0.        ]
ernähren: [ 0.          0.          0.01063352]
erobern: [ 0.62813591  0.          0.        ]
erpressen: [-0.78854357  0.          0.        ]
erproben: [ 0.         -0.11248607 -0.76352341]
erregen: [-0.62813591  0.         -0.09956444]
erscheinen: [-0.51996925  0.          0.        ]
erschöpfen: [-0.66106873  0.          0.        ]
erschüttern: [-1.06305875  0.          0.        ]
erst: [ 0.35594735  0.         -0.37964341]
erstatten: [ 0.17885062  0.          0.        ]
erstreben: [ 0.62813591  0.          0.        ]
ertrag: [ 0.77739917  0.          0.        ]
ertragen: [ 0.62813591  0.          0.        ]
ertrinken: [-0.78854357  0.          0.        ]
erwarten: [ 0.  0.  0.]
erwecken: [ 0.  0.  0.]
erweichen: [-0.70961993  0.         -0.05586924]
erwerben: [ 0.05267424 -0.07621452  0.        ]
erwärmen: [ 0.62813591  0.         -0.14604252]
erythem: [ 0.  0.  0.]
erz: [ 0.  0.  0.]
erziehen: [ 0.  0.  0.]
essen: [ 0.  0.  0.]
etikett: [ 0.  0.  0.]
ex: [ 0.  0.  0.]
existieren: [ 0.22634785  0.          0.        ]
experimentieren: [ 0.  0.  0.]
experte: [ 0.  0.  0.]
explodieren: [-0.66106873  0.          0.        ]
export: [ 0.  0.  0.]
extrem: [-0.63291428  0.          0.        ]
fabrik: [ 0.15690867  0.          0.        ]
fabrizieren: [ 0.  0.  0.]
facette: [ 0.  0.  0.]
fach: [ 0.21721138 -0.08088058  0.        ]
faden: [ 0.  0.  0.]
fahl: [-0.77739917  0.          0.        ]
fahne: [ 0.  0.  0.]
fahren: [ 0.02619537  0.          0.        ]
fahrzeug: [ 0.  0.  0.]
fakt: [ 0.  0.  0.]
faktor: [ 0.  0.  0.]
falke: [-0.73986208 -0.05578037  0.        ]
fallen: [-0.69396819 -1.22927346 -0.08711252]
falsch: [-1.10808306  0.          0.        ]
falte: [ 0.  0.  0.]
falter: [ 0.20451937  0.          0.        ]
familie: [ 0.          0.11025137  0.        ]
fangen: [-0.73485014  0.          0.6684997 ]
fantasie: [ 0.7429796  -0.25498142  0.        ]
farbe: [ 0.  0.  0.]
farben: [ 0.27830305  0.          0.        ]
faschismus: [-0.77739917  0.          0.        ]
faser: [ 0.  0.  0.]
fassen: [ 0.33339192  0.          0.        ]
fasson: [ 0.          0.02155915  0.        ]
fasten: [ 0.  0.  0.]
faul: [-0.61190135  0.          0.04385416]
fauna: [ 0.  0.  0.]
fechten: [ 0.  0.  0.]
feder: [ 0.  0.  0.]
fehl: [-1.13600035  0.          0.        ]
fehler: [-1.15949073 -0.00838317  0.        ]
fein: [ 0.93587392  0.          0.        ]
feind: [-0.7429796   0.         -0.44222823]
feld: [ 0.          0.          0.04158622]
fell: [ 0.  0.  0.]
fels: [ 0.  0.  0.]
felsen: [ 0.  0.  0.]
fenster: [ 0.  0.  0.]
fern: [ 0.          0.         -1.29753523]
fernsprechen: [ 0.  0.  0.]
fertig: [ 0.57430785  0.15689012  0.        ]
fesseln: [-0.46414519  0.          0.        ]
fest: [ 0.21086742  0.          0.0675717 ]
fett: [-0.61125631  0.         -0.23820379]
feuer: [-0.12228469  0.         -0.76960221]
fidel: [ 0.77739917  0.          0.        ]
fieber: [-0.92157554  0.          0.        ]
figur: [ 0.57562112  0.          0.        ]
film: [ 0.  0.  0.]
filz: [ 0.  0.  0.]
finanzen: [ 0.38821989  0.          0.        ]
finanzieren: [ 0.  0.  0.]
finden: [ 0.  0.  0.]
finger: [ 0.  0.  0.]
finte: [-0.68063702  0.14183348  0.        ]
firma: [ 0.  0.  0.]
fisch: [ 0.  0.  0.]
fit: [ 1.014024  0.        0.      ]
fixieren: [ 0.  0.  0.]
flach: [-0.48356717  0.          0.        ]
flechte: [-0.62813591  0.          0.        ]
fleck: [-0.63900012  0.          0.        ]
flecken: [-0.78353085  0.          0.        ]
fleisch: [ 0.  0.  0.]
flexibel: [ 0.66029258  0.          0.        ]
flicken: [-0.19850933  0.          0.        ]
fliegen: [ 0.  0.  0.]
fließen: [ 0.  0.  0.]
flint: [ 0.  0.  0.]
flitter: [ 0.  0.  0.]
floh: [-0.12334405  0.          0.        ]
flugzeug: [ 0.  0.  0.]
fluss: [ 0.  0.  0.]
flut: [-0.7429796  0.         0.       ]
fläche: [ 0.18523821  0.41282324  0.        ]
flüchten: [-0.45645955  0.          0.        ]
folge: [ 0.1523099  -0.38558396  0.        ]
form: [-0.0052082   0.          0.18847702]
formen: [ 0.  0.  0.]
fortpflanzen: [ 0.  0.  0.]
foul: [-0.79505508  0.          0.        ]
frage: [-0.06160457  0.          0.        ]
fragen: [ 0.15214337 -0.59983998  0.        ]
frau: [ 0.21144474  0.          0.04024026]
frei: [ 0.61049271  0.51550163 -0.69639601]
fremd: [-0.85200058  0.          0.        ]
fremder: [ 0.  0.  0.]
fressen: [-0.51120009  0.          0.        ]
freude: [ 0.89751265  0.          0.        ]
freund: [ 0.70880928  0.         -0.34999693]
frieden: [ 0.66029258  0.13013829  0.        ]
frisch: [ 0.73650296  0.          0.        ]
frist: [ 0.28354136  0.          0.        ]
froh: [ 0.65519024  0.          0.        ]
front: [ 0.  0.  0.]
frost: [-0.77739917  0.          0.        ]
frucht: [ 0.  0.  0.]
früh: [ 0.  0.  0.]
frühling: [ 0.04737419  0.          0.        ]
fuchs: [ 0.  0.  0.]
fund: [ 0.  0.  0.]
funke: [ 0.07930954  0.          0.        ]
funktion: [ 0.12019102  0.          0.        ]
furcht: [-1.05244327  0.          0.        ]
fuß: [ 0.          0.          0.00414478]
fächern: [ 0.77739917  0.          0.        ]
fähig: [ 0.50875127  0.73536783 -0.26635005]
fällig: [-0.51408239  0.          0.        ]
fälschen: [-0.77739917  0.          0.        ]
färben: [ 0.  0.  0.]
fördern: [ 0.46336903  0.         -0.15289005]
fühlen: [-0.56799954  0.          0.52237889]
führen: [ 0.20673571 -0.03210597  0.        ]
galgen: [-0.02166111  0.          0.        ]
galion: [ 0.  0.  0.]
galle: [-0.77739917  0.          0.        ]
gammeln: [-0.38783105  0.          0.        ]
ganz: [ 0.  0.  0.]
gardine: [ 0.  0.  0.]
garn: [ 0.  0.  0.]
garten: [ 0.  0.  0.]
gas: [ 0.02953343  0.          0.2176576 ]
gasse: [-0.81488266  0.          0.        ]
gast: [ 0.          0.          0.01296897]
gaumen: [ 0.  0.  0.]
geben: [ 0.          0.         -0.41089951]
gebet: [ 0.  0.  0.]
gebieten: [-0.62813591  0.          0.62152078]
gebrauchen: [ 0.  0.  0.]
gebärde: [ 0.  0.  0.]
gebären: [ 0.  0.  0.]
gebärmutter: [ 0.  0.  0.]
gebühr: [-0.901888    0.         -0.09963377]
gedicht: [ 0.  0.  0.]
geduld: [ 0.43389101  0.          0.        ]
gedächtnis: [ 0.  0.  0.]
gefahr: [-0.34854517  0.         -0.17778604]
gefallen: [ 0.63747356  0.          0.        ]
gefangenschaft: [-0.92157554  0.          0.        ]
gefolge: [ 0.  0.  0.]
gefährden: [-1.03324959  0.         -0.07293421]
gefälle: [-0.44866851  0.         -0.14903043]
gefällig: [ 0.89944495 -0.55629742  0.        ]
gefängnis: [-0.77739917  0.          0.        ]
gefüge: [ 0.  0.  0.]
gefühl: [ 0.41825497 -0.42607668  0.        ]
gegen: [-0.65021074  0.          0.07416594]
gegenstand: [ 0.1314137  0.         0.       ]
gegenwart: [ 0.14072834  0.          0.        ]
gegner: [-0.63900012  0.          0.        ]
gehalt: [ 0.7429796  -0.12388064  0.36613105]
geheimnis: [-1.27800024  0.          0.        ]
gehen: [ 0.  0.  0.]
gehirn: [-0.51920977  0.          0.        ]
gehör: [ 0.  0.  0.]
geil: [ 0.49919491  0.          0.        ]
geisel: [-0.77739917  0.          0.        ]
geist: [ 0.42149219  0.00270953  0.        ]
geiz: [-0.78854357  0.          0.        ]
gel: [ 0.  0.  0.]
gelaunt: [ 0.  0.  0.]
gelb: [ 0.         -0.02120471  0.        ]
geld: [-0.62935936  0.          0.        ]
gelegenheit: [ 0.31950006  0.          0.        ]
geleit: [ 0.  0.  0.]
gelenk: [ 0.  0.  0.]
geloben: [ 0.62813591  0.          0.        ]
gelten: [ 0.  0.  0.]
gemein: [-1.06101622  1.38853706  0.        ]
gemeinschaft: [ 0.19592393  0.          0.        ]
gemenge: [ 0.  0.  0.]
gemäß: [ 0.30127061  0.          0.0108862 ]
gemüt: [ 0.26862766  0.          0.        ]
genau: [ 0.43265676  0.          0.        ]
genehmigen: [ 0.46336903  0.          0.        ]
generell: [ 0.  0.  0.]
genick: [ 0.  0.  0.]
genuss: [ 0.52749862  0.          0.05086369]
genügen: [ 0.09442364  0.294457    0.        ]
gerade: [ 0.          0.          0.03452407]
gerecht: [ 0.76924357 -0.07463539  0.        ]
gericht: [ 0.  0.  0.]
gering: [-0.80340171 -0.12295965  0.        ]
gerste: [-0.00683995  0.          0.        ]
gerät: [ 0.  0.  0.]
geräusch: [-0.54133775  0.         -0.01045195]
gerücht: [-0.7429796  0.         0.       ]
gesang: [ 0.44452171  0.          0.        ]
geschenk: [ 0.  0.  0.]
geschichte: [ 0.  0.  0.]
geschlecht: [ 0.  0.  0.]
geschmack: [ 0.  0.  0.]
geschrei: [-0.63900012  0.          0.        ]
geschwister: [ 0.  0.  0.]
geschwulst: [-0.89733702  0.          0.        ]
geschwätz: [-0.77739917  0.          0.        ]
geschwür: [-0.92157554  0.          0.        ]
geschäft: [-0.12715369  0.          0.10779852]
geselle: [ 0.  0.  0.]
gesellschaft: [ 0.  0.  0.]
gesetz: [ 0.         -0.45977093  0.13496668]
gesicht: [ 0.  0.  0.]
gesinnt: [ 0.44866851  0.          0.03566555]
gespenst: [-0.7429796  0.         0.       ]
gespräch: [ 0.34412333  0.         -0.34855921]
gestalt: [ 0.  0.  0.]
gestalten: [ 0.40357842  0.          0.        ]
gestein: [ 0.  0.  0.]
gestell: [ 0.  0.  0.]
gesund: [ 0.65254888  0.         -0.01785879]
getreide: [ 0.  0.  0.]
getreu: [ 0.60827402  0.          0.        ]
getto: [ 0.  0.  0.]
gewalt: [-0.99520933 -0.07419841  0.        ]
gewaltig: [-0.18410308  0.         -0.75765494]
gewandt: [ 0.62813591  0.          0.        ]
gewehr: [ 0.  0.  0.]
gewerbe: [ 0.  0.  0.]
gewinnen: [ 0.66029258  0.          0.        ]
gewiss: [ 0.  0.  0.]
gewissen: [ 0.  0.  0.]
gewächs: [ 0.  0.  0.]
gewähren: [ 0.68857753  0.         -0.27456053]
gewöhnen: [ 0.19015922  0.          0.        ]
gier: [-0.92157554  0.          0.        ]
gießen: [-0.2186547  0.         0.       ]
gift: [-0.77739917  0.17321778  0.        ]
gigant: [ 0.76680014  0.          0.        ]
gitter: [-0.51120009  0.         -0.27438029]
glanz: [ 0.76924357  0.          0.        ]
glas: [ 0.  0.  0.]
glasieren: [ 0.  0.  0.]
glatt: [ 0.49377328  0.          0.46122028]
glaube: [ 0.361815    0.20308002 -0.43446674]
glauben: [ 0.  0.  0.]
gleich: [ 0.         -0.11903864  0.00230308]
glied: [ 0.  0.  0.]
gliedern: [ 0.  0.  0.]
glut: [-0.18249572  0.          0.        ]
glück: [ 0.60684676  0.          0.        ]
gnade: [-0.33900345  0.          0.23756252]
gold: [ 0.36514256 -0.93906127  0.        ]
golf: [ 0.  0.  0.]
goodwill: [ 0.77739917  0.          0.        ]
gott: [ 0.         0.         0.1140773]
graben: [-1.27800024  0.          0.        ]
grad: [ 0.          0.          0.16747516]
granne: [ 0.  0.  0.]
gras: [ 0.  0.  0.]
grat: [ 0.  0.  0.]
grau: [-0.32598398  0.          0.        ]
grauen: [-0.46414519  0.          0.        ]
greifen: [ 0.          0.          0.16237316]
grenze: [-0.50982521  0.          0.        ]
grippe: [-0.89733702  0.          0.        ]
grob: [-0.87142588  0.          0.        ]
grotesk: [-0.85447909  0.          0.        ]
grotte: [ 0.  0.  0.]
groß: [ 0.60927654 -0.33810362  0.        ]
grund: [ 0.          0.         -0.06400272]
grundsatz: [ 0.77739917  0.          0.        ]
gruppe: [ 0.  0.  0.]
gräuel: [-0.77739917  0.          0.        ]
gründen: [ 0.37257827  0.          0.        ]
gucken: [-0.20451791  0.          0.        ]
guerilla: [ 0.  0.  0.]
gummi: [ 0.  0.  0.]
gunst: [ 0.46336903  0.          0.        ]
gut: [ 0.78240358 -0.55748939 -0.06644564]
gymnast: [ 0.03852915  0.          0.        ]
gültig: [ 0.77739917  0.          0.        ]
günstig: [ 0.58977806  0.          0.        ]
gürtel: [-0.59397934  0.          0.        ]
haar: [ 0.  0.  0.]
haben: [ 0.         -0.02929961  0.        ]
hacken: [-0.20451871  0.          0.        ]
haft: [-0.66106873  0.          0.        ]
haften: [-0.89733702  0.          0.        ]
hagel: [-0.77739917  0.          0.        ]
hahn: [-0.20451793  0.          0.        ]
hai: [-0.77739917  0.          0.        ]
haken: [-0.20451791  0.          0.        ]
halb: [ 0.         -0.09887586 -0.21335705]
hals: [ 0.          0.05220947  0.        ]
halt: [-0.40843354  0.          0.        ]
halten: [ 0.41975407  0.         -0.07627011]
hand: [-0.22393363  0.          0.00523947]
handel: [-0.50623088  0.          0.        ]
handeln: [-0.23266185  0.2509933  -0.05379328]
handwerk: [ 0.  0.  0.]
harm: [-0.89733702  0.          0.        ]
hart: [-0.54420289 -0.28409936 -0.06544858]
haschen: [ 0.  0.  0.]
hase: [ 0.  0.  0.]
hass: [-1.14286529  0.          0.        ]
hassen: [-0.62200227  0.          0.        ]
hauen: [-0.69709162  0.          0.        ]
haupt: [ 0.  0.  0.]
haus: [-0.09423801  0.23626435 -0.22447791]
haushalt: [ 0.  0.  0.]
haut: [-0.76207765  0.         -0.13651407]
heben: [ 0.  0.  0.]
hefe: [ 0.  0.  0.]
heil: [ 0.89944495  0.          0.        ]
heilen: [ 0.7429796   0.         -0.08190199]
heilig: [ 0.7429796   0.         -1.45233072]
heim: [ 0.77739917  0.          0.        ]
heimat: [ 0.  0.  0.]
heimlich: [-0.79505508  0.          0.        ]
heirat: [ 0.46336903  0.          0.        ]
heischen: [-0.62813591  0.          0.        ]
heiß: [-0.06268218 -0.17774469 -0.77233963]
held: [ 1.27800024  0.          0.        ]
helfen: [ 1.01829284  0.          0.01889548]
hell: [ 0.42315305  0.          0.        ]
hemd: [ 0.  0.  0.]
hemmen: [-0.21136459  0.          0.        ]
herholen: [-0.39279386  0.          0.        ]
herkömmlich: [ 0.66770635  0.          0.        ]
heroin: [-0.77739917  0.          0.        ]
herr: [ 0.  0.  0.]
herrlich: [ 1.26289531 -0.66852978  0.16197522]
herrschaft: [-1.27800024  0.          0.00461983]
herrschen: [-0.89733702  0.          0.        ]
herstimmen: [-0.4862514  0.         0.       ]
herz: [ 0.85200058  0.         -0.0644975 ]
hetzen: [ 0.  0.  0.]
heu: [ 0.  0.  0.]
heulen: [-0.83258975  0.          0.        ]
hexe: [ 0.  0.  0.]
hilfs: [ 0.43405229  0.          0.        ]
himmel: [ 0.27782575  0.          0.        ]
hingeben: [ 0.85200058  0.          0.        ]
hinter: [-0.41225859  0.          0.        ]
hinterziehen: [ 0.  0.  0.]
hirn: [ 0.0107019  0.         0.       ]
hitze: [ 0.  0.  0.]
hoch: [ 0.23664139 -0.0155859   0.        ]
hochachten: [ 0.89733702  0.          0.        ]
hochschauen: [ 0.  0.  0.]
hochschule: [ 0.  0.  0.]
hochzeit: [ 1.0380172  0.         0.       ]
hoden: [ 0.  0.  0.]
hof: [ 0.  0.  0.]
hoffnung: [ 0.5529817  0.         0.       ]
hoheit: [ 0.77739917  0.          0.        ]
hohl: [-0.48707619  0.          0.        ]
holz: [-0.3673699   0.         -0.00458498]
homos: [ 0.  0.  0.]
honig: [ 0.02166111  0.          0.        ]
horn: [ 0.  0.  0.]
hornisse: [-0.30345943  0.          0.        ]
horst: [-0.79875015  0.          0.        ]
hotel: [ 0.  0.  0.]
huhn: [-0.25656432  0.          0.        ]
huld: [ 0.11898847  0.          0.        ]
humor: [ 1.23573123  0.         -0.14641479]
hund: [ 0.          0.          0.05884548]
hunger: [-0.63900012  0.          0.00457066]
husten: [-0.62813591  0.          0.        ]
hut: [ 0.  0.  0.]
hymne: [ 0.  0.  0.]
hyper: [-1.00459114  0.          0.        ]
hysterisch: [-0.81071242  0.          0.        ]
hämatokrit: [ 0.         -0.03795806  0.        ]
hässlich: [-1.08203435  0.          0.        ]
hätscheln: [ 0.28897327  0.          0.        ]
häufig: [ 0.  0.  0.]
höflich: [ 0.68021172  0.          0.        ]
höhe: [ 0.  0.  0.]
höhle: [-0.77739917  0.          0.        ]
hölle: [-1.27800024  0.          0.        ]
hören: [ 0.06579938  0.          0.        ]
hörig: [ 0.  0.  0.]
hübsch: [ 0.85312624  0.          0.        ]
hüne: [ 0.  0.  0.]
hüten: [-0.18249572  0.          0.        ]
hütte: [ 0.  0.  0.]
ich: [ 0.  0.  0.]
ideal: [ 0.84313674  0.          0.        ]
idee: [ 0.12589943  0.02749603  0.00601038]
identisch: [ 0.  0.  0.]
ideologie: [ 0.  0.  0.]
idiot: [-0.36514256  0.          0.        ]
illusion: [-1.27800024  0.          0.47296852]
image: [ 0.2263325  0.         0.       ]
immer: [ 0.  0.  0.]
immun: [ 0.42173484 -0.22616923  0.        ]
import: [ 0.  0.  0.]
impuls: [ 0.  0.  0.]
industrie: [ 0.  0.  0.]
infarkt: [-0.89733702  0.          0.        ]
infizieren: [-0.92157554  0.          0.        ]
inflation: [-0.19956804  0.          0.        ]
inhalt: [ 0.30428547  0.          0.        ]
inhibit: [ 0.  0.  0.]
initiative: [ 0.77739917 -0.0864026   0.        ]
innovieren: [ 0.53176667  0.          0.        ]
insekt: [-0.23491392  0.          0.        ]
instinkt: [ 0.  0.  0.]
instrument: [ 0.  0.  0.]
integrieren: [ 0.54758156  0.          0.        ]
intelligent: [ 0.71751184  0.          0.        ]
intensiv: [ 0.00305756  0.          0.        ]
interesse: [ 0.42599965  0.38165609  0.        ]
interessieren: [ 0.46336903  0.          0.        ]
intrigieren: [-0.89733702  0.          0.        ]
ironie: [-0.63900012  0.          0.        ]
irr: [-0.89567183  0.          0.        ]
isotop: [ 0.  0.  0.]
ja: [ 0.31479191  0.          0.        ]
jagen: [ 0.  0.  0.]
jahr: [ 0.          0.         -0.04342899]
jammer: [-1.30574652  0.          0.        ]
jucken: [-0.82415551  0.          0.        ]
jude: [ 0.          0.          0.01233495]
jugend: [ 0.7429796  0.         0.       ]
junge: [-0.42248757  0.          0.        ]
jungfer: [-0.77739917  0.         -0.16588461]
justieren: [ 0.  0.  0.]
justiz: [-0.77739917  0.          0.        ]
kabel: [ 0.  0.  0.]
kachexie: [ 0.  0.  0.]
kader: [ 0.  0.  0.]
kaffee: [ 0.  0.  0.]
kaiser: [ 0.6040282  0.         0.       ]
kalkulieren: [ 0.  0.  0.]
kalt: [-0.33488817  0.         -0.14447993]
kamera: [ 0.  0.  0.]
kammer: [ 0.  0.  0.]
kampagne: [-0.14324273  0.          0.        ]
kanal: [ 0.       0.       0.05279]
kandidat: [ 0.20451886  0.          0.        ]
kanone: [ 0.  0.  0.]
kante: [-0.18982282  0.          0.        ]
kapazität: [ 0.  0.  0.]
kapital: [ 0.  0.  0.]
karamel: [-0.02166111  0.          0.        ]
karat: [ 0.  0.  0.]
karg: [-0.7429796  0.         0.       ]
karieren: [ 0.  0.  0.]
karriere: [ 0.02936562  0.          0.        ]
kasse: [ 0.  0.  0.]
katastrophe: [-0.87136356 -0.05963407  0.        ]
kater: [-0.57649012  0.          0.        ]
katze: [ 0.  0.  0.]
kaufen: [ 0.23253108  0.          0.        ]
kavalier: [ 0.  0.  0.]
kavität: [ 0.  0.  0.]
kehren: [-0.08200106  0.          0.        ]
keil: [-0.77739917  0.          0.        ]
keim: [ 0.  0.  0.]
kenntnis: [ 0.77739917 -0.01404391  0.        ]
kerl: [ 0.  0.  0.]
kern: [ 0.  0.  0.]
kette: [-0.63900012  0.          0.        ]
keuchen: [-0.71070811  0.          0.        ]
kiefer: [ 0.  0.  0.]
kies: [ 0.  0.  0.]
kind: [-0.15551239  0.21693088  0.        ]
kindheit: [ 0.  0.  0.]
kino: [ 0.  0.  0.]
kippen: [ 0.  0.  0.]
kirche: [ 0.  0.  0.]
kitzel: [ 0.24662165  0.          0.        ]
klagen: [-1.07482739  0.          0.        ]
klamm: [ 0.  0.  0.]
klappe: [ 0.          0.         -0.05945623]
klappern: [ 0.  0.  0.]
klar: [ 0.5367601  0.         0.       ]
klasse: [ 0.91872563  0.54918851  0.        ]
klatsch: [ 0.  0.  0.]
klatschen: [-0.44866851  0.          0.        ]
klausel: [ 0.  0.  0.]
klausur: [ 0.  0.  0.]
klein: [-0.4558793   0.         -0.63571459]
klima: [ 0.  0.  0.]
klingen: [ 0.19916867  0.          0.        ]
klon: [ 0.  0.  0.]
klopfen: [-1.27800024  0.          0.        ]
kloß: [ 0.  0.  0.]
kluft: [-0.79505508  0.          0.        ]
klug: [ 0.67315855  0.          0.        ]
knabe: [ 0.  0.  0.]
knall: [ 0.  0.  0.]
knast: [-0.02166111  0.          0.        ]
kneten: [ 0.  0.  0.]
knick: [ 0.  0.  0.]
knie: [-1.27800024  0.          0.        ]
knirschen: [ 0.  0.  0.]
knochen: [ 0.  0.  0.]
knäuel: [-0.2659973  0.         0.       ]
ko: [ 0.  0.  0.]
koalition: [ 0.  0.  0.]
koffein: [ 0.  0.  0.]
kohl: [ 0.  0.  0.]
kokain: [ 0.  0.  0.]
kollabieren: [-0.66106873  0.          0.        ]
kollektiv: [ 0.  0.  0.]
koller: [-0.92157554  0.         -0.13998773]
kolonie: [ 0.  0.  0.]
komik: [ 0.36979884  0.          0.        ]
kommission: [ 0.  0.  0.]
kommunist: [ 0.  0.  0.]
kommunizieren: [ 0.  0.  0.]
kompetent: [ 0.75204309  0.          0.        ]
komplex: [-0.62716229  0.          0.        ]
komplizieren: [-0.55269888  0.          0.        ]
kompromiss: [ 0.  0.  0.]
konflikt: [-0.56504127  0.15719765  0.        ]
konform: [ 0.44866851  0.          0.        ]
konfrontieren: [ 0.  0.  0.]
konjunktur: [ 0.00879076  0.          0.        ]
konkurrieren: [-0.77739917  0.43622086  0.        ]
konservativ: [-0.47812318  0.          0.        ]
konservieren: [ 0.  0.  0.]
konsum: [-0.35006616  0.          0.        ]
kontakt: [ 0.        -0.1086197  0.       ]
konto: [ 0.  0.  0.]
kontrast: [ 0.  0.  0.]
konus: [ 0.  0.  0.]
konzentrieren: [ 0.          0.         -0.09041965]
konzept: [ 0.  0.  0.]
konzern: [ 0.  0.  0.]
konzert: [ 0.  0.  0.]
konzipieren: [ 0.  0.  0.]
kopf: [-0.49278576  0.          0.        ]
koppeln: [ 0.  0.  0.]
korb: [ 0.18666407  0.          0.        ]
korn: [-0.02900974  0.          0.02057894]
korrumpieren: [-0.92157554  0.          0.        ]
kosten: [-0.67127346  1.83891423  0.        ]
krach: [-0.46414519  0.          0.        ]
kraft: [ 0.50258617 -0.31019701 -0.13369477]
krampf: [-0.62813591  0.          0.        ]
krank: [-1.3100527   0.         -0.09222684]
kranker: [-0.07318076  0.          0.        ]
kratzen: [-0.95944724  0.          0.        ]
kraut: [ 0.  0.  0.]
krebs: [-0.42173484  0.          0.13557484]
kredit: [-0.77739917  0.24945512  0.        ]
kreislauf: [ 0.  0.  0.]
kreuz: [ 0.04800761  0.          0.        ]
krieg: [-1.34567172  0.05491709 -0.04706438]
krise: [-0.90259989  0.         -0.14602767]
kritik: [-0.42599965  0.31812389  0.        ]
krone: [ 0.  0.  0.]
krupp: [-0.35075341  0.          0.        ]
kränken: [-0.78854357  0.          0.        ]
kräuseln: [-0.77739917  0.         -0.07271755]
kuckuck: [ 0.  0.  0.]
kugel: [ 0.  0.  0.]
kulisse: [ 0.  0.  0.]
kultur: [ 0.77739917  0.50533564 -0.79058409]
kummer: [-0.92157554  0.         -0.15893616]
kunde: [ 0.72986625  0.          0.        ]
kunst: [ 0.41511572  0.         -0.4506483 ]
kur: [ 0.54282763  0.         -0.21728087]
kurs: [ 0.  0.  0.]
kurz: [-0.66174724  0.          0.        ]
kutsche: [-0.35075342  0.          0.        ]
kämpfen: [ 0.25560005 -4.11225638  0.        ]
können: [ 0.21202471  0.          0.01965091]
körper: [ 0.  0.  0.]
kühlen: [ 0.63900012  0.          0.        ]
kürbis: [ 0.  0.  0.]
küssen: [ 0.20451923  0.          0.        ]
lachen: [ 0.66950939  0.          0.        ]
laden: [ 0.          0.          0.01944983]
lage: [-0.06792528  0.          0.        ]
lager: [ 0.  0.  0.]
lahm: [-0.77454484  0.          0.        ]
lampe: [ 0.  0.  0.]
land: [ 0.          0.21399206  0.04981711]
landen: [ 0.  0.  0.]
lang: [ 0.48698582  0.49848819  0.        ]
langeweile: [-0.62223351  0.          0.        ]
lassen: [-0.60037256  0.          0.        ]
last: [-0.23675544  0.          0.16458824]
lau: [-1.06499977  0.          0.        ]
laufen: [-0.65061842  0.          0.        ]
laune: [ 0.  0.  0.]
lauten: [ 0.  0.  0.]
lawine: [-0.77739917  0.          0.        ]
lazarett: [ 0.  0.  0.]
leben: [ 0.33342419  0.          0.06502395]
lebendig: [ 0.7095556  0.         0.       ]
leber: [-0.13924472  0.          0.        ]
lecken: [ 0.  0.  0.]
leder: [ 0.  0.  0.]
leer: [-0.37538044  0.          0.        ]
lehren: [ 0.63900012  0.          0.        ]
leib: [ 0.        0.        0.017458]
leicht: [ 0.46543219  0.         -0.33448991]
leid: [-1.03750203  0.          0.        ]
leiden: [-0.81125421  0.          0.00711488]
leidenschaft: [ 0.59542091  0.          0.        ]
leidig: [-0.89944495  0.          0.        ]
leisten: [ 0.74357428  0.         -0.27988711]
leiten: [ 0.85200058  0.          0.        ]
leiter: [ 0.33857043  0.          0.        ]
lenken: [ 0.77739917  0.          0.        ]
lernen: [ 0.49700023  0.          0.        ]
lesen: [ 0.          0.02961979  0.        ]
letal: [-0.77739917  0.          0.        ]
leuchten: [ 0.58984567  0.          0.        ]
liberal: [ 0.33208667  0.          0.        ]
licht: [ 0.62813591  0.          0.        ]
lieb: [ 0.50826861 -0.01791609  0.        ]
liebe: [ 0.73060728  0.         -0.48263244]
lieben: [ 0.79835156  0.         -0.44736068]
lieblings: [ 0.91712324  0.          0.        ]
liefern: [ 0.          0.          0.00014626]
likelihood: [ 0.  0.  0.]
linie: [ 0.56625143  0.          0.        ]
links: [-0.57831608  0.          0.        ]
lippe: [-0.85012135  0.          0.        ]
liquid: [ 0.77739917  0.          0.        ]
list: [-0.77739917  0.          0.        ]
literatur: [ 0.  0.  0.]
lob: [ 0.86678693 -0.55350919  0.        ]
loben: [ 0.76089512  0.          0.        ]
loch: [ 0.  0.  0.]
locken: [ 0.  0.  0.]
lohn: [ 0.05310354  0.          0.        ]
lohnen: [ 0.8215714  0.         0.       ]
lokalisieren: [ 0.  0.  0.]
look: [ 0.  0.  0.]
los: [-0.54771384  0.48794056 -0.62262867]
lotterie: [ 0.  0.  0.]
luft: [-0.05290506  0.2286492   0.        ]
lunge: [-0.62678649  0.          0.        ]
lust: [ 0.5860768  -0.03270117  0.04637888]
lustig: [ 0.44022234  0.03401817  0.2286574 ]
luxus: [ 0.7429796  0.         0.       ]
lynchen: [ 0.  0.  0.]
lähmen: [-0.78854357  0.          0.        ]
längs: [ 0.  0.  0.]
lärm: [-0.78824027  0.          0.00782219]
lästern: [-0.92157554  0.          0.        ]
löschen: [-0.6815997  0.         0.       ]
lösen: [-0.74262166  0.         -0.7757224 ]
löwe: [ 0.  0.  0.]
lücke: [-0.33676744  0.          0.        ]
lügen: [-0.89733702  0.          0.        ]
lüstern: [-0.92157554  0.          0.        ]
mache: [ 0.  0.  0.]
machen: [ 0.          0.          0.31183868]
macht: [ 0.23962504  0.34212877 -0.22100589]
magen: [-0.12671571  0.          0.        ]
mager: [ 0.  0.  0.]
mahnen: [-0.79505508  0.          0.        ]
majestät: [ 0.77739917  0.          0.        ]
makel: [-0.25560005  0.         -0.49554033]
mal: [ 0.          0.          0.03723975]
mandel: [ 0.  0.  0.]
mangel: [-0.88098538  0.          0.        ]
manie: [-1.24344465  0.          0.        ]
mann: [-0.31015631  0.          0.18669256]
mannschaft: [ 0.  0.  0.]
mantel: [-0.29997373  0.          0.        ]
manöver: [ 0.  0.  0.]
mark: [ 0.  0.  0.]
marke: [ 0.  0.  0.]
markt: [ 0.  0.  0.]
marschieren: [-0.20451793  0.          0.        ]
maschine: [ 0.  0.  0.]
masse: [ 0.          0.35144479  0.        ]
massieren: [ 0.17626993  0.          0.        ]
mast: [ 0.  0.  0.]
matte: [ 0.  0.  0.]
matz: [-0.20451795  0.          0.        ]
mauer: [ 0.  0.  0.]
maul: [-0.8792604   0.         -0.04531821]
maus: [ 0.07572152  0.          0.        ]
maximum: [ 0.  0.  0.]
maß: [ 0.47270981  0.          0.        ]
maßnahme: [-0.49557635  0.          0.06959143]
maßstab: [ 0.  0.  0.]
medikament: [-0.77322011  0.          0.        ]
medium: [ 0.  0.  0.]
medizin: [ 0.  0.  0.]
mehl: [ 0.  0.  0.]
mehr: [ 0.28085333  0.          0.        ]
mehrheit: [ 0.          0.16990236  0.        ]
meile: [-0.20451793  0.          0.        ]
meinen: [ 0.          0.          0.05521721]
meister: [ 0.63900012  0.          0.        ]
melden: [ 0.  0.  0.]
meniskus: [ 0.  0.  0.]
mensch: [ 0.06907432  0.          0.30257808]
menstruieren: [ 0.  0.  0.]
merkmal: [ 0.  0.  0.]
messen: [ 0.  0.  0.]
messer: [-0.38863141  0.0975072   0.        ]
metall: [ 0.01517593  0.          0.        ]
meter: [ 0.  0.  0.]
methadon: [ 0.  0.  0.]
meucheln: [ 0.  0.  0.]
miete: [-0.61799757 -0.18121751  0.        ]
mikro: [ 0.  0.  0.]
milch: [ 0.  0.  0.]
mildern: [ 0.          0.         -0.59133151]
militär: [-0.08226029  0.05309037  0.        ]
milliarde: [ 0.  0.  0.]
million: [ 0.  0.  0.]
minder: [-0.6352956  -0.17966957  0.        ]
mindern: [-0.42599965  0.          0.35296063]
mindest: [ 0.  0.  0.]
mine: [ 0.  0.  0.]
mineral: [ 0.  0.  0.]
minister: [ 0.  0.  0.]
minus: [-0.60141158  0.          0.        ]
misere: [-1.27800024  0.          0.        ]
missbrauch: [-0.78854357  0.          0.        ]
misshandeln: [-0.89733702  0.          0.        ]
mission: [ 0.05785522  0.          0.        ]
misstrauen: [-1.04000319  0.          0.        ]
mitglied: [ 0.  0.  0.]
mitleid: [-0.07810585 -0.1385719   0.05331613]
mittag: [ 0.  0.  0.]
mittel: [ 0.          0.         -0.08376302]
mittler: [ 0.  0.  0.]
mm: [ 0.  0.  0.]
mode: [ 0.  0.  0.]
modernisieren: [ 0.5365722  0.         0.       ]
mogeln: [-0.62813591  0.          0.        ]
molch: [-0.63354029  0.          0.        ]
moment: [ 0.  0.  0.]
mond: [ 0.  0.  0.]
mono: [ 0.  0.  0.]
moor: [ 0.  0.  0.]
mops: [ 0.  0.  0.]
moral: [ 0.77739917  0.          0.        ]
mord: [-0.97711171  0.          0.        ]
morphium: [ 0.  0.  0.]
moskito: [-0.00568344  0.          0.        ]
muffe: [-0.62813591  0.          0.        ]
multi: [ 0.  0.  0.]
mund: [ 0.06591598  0.          0.        ]
munter: [ 0.89944495  0.          0.        ]
musik: [ 0.02360269  0.          0.        ]
muskel: [ 0.  0.  0.]
mut: [ 0.8004122  -0.59428421 -0.52814418]
mutter: [ 0.  0.  0.]
mysterium: [-0.77739917  0.          0.        ]
mädchen: [ 0.  0.  0.]
märtyrer: [ 0.  0.  0.]
mäßig: [-0.73541584 -1.7894246   0.        ]
möglich: [ 0.28132108  0.          0.        ]
mücke: [-0.00568344  0.          0.        ]
müde: [-0.46414519  0.          0.        ]
mühe: [-0.45105868  0.         -0.04319515]
mühle: [-0.20451794  0.          0.        ]
müll: [-0.57239323  0.          0.        ]
nachahmen: [ 0.  0.  0.]
nachholen: [-0.19543078  0.          0.        ]
nachlass: [ 0.          0.         -0.69893658]
nachsorgen: [ 0.  0.  0.]
nacht: [ 0.  0.  0.]
nachtundnebel: [ 0.  0.  0.]
nachwuchs: [ 0.18549566  0.          0.        ]
nacken: [ 0.  0.  0.]
nagel: [ 0.  0.  0.]
nahe: [ 0.95850018  0.61433827 -0.19067061]
nahrungsmittel: [ 0.  0.  0.]
naht: [-0.28783811  0.          0.        ]
name: [ 0.  0.  0.]
narbe: [-0.79505508  0.          0.        ]
narr: [ 0.  0.  0.]
nase: [-0.23527366  0.06696006  0.        ]
natur: [ 0.16218598 -0.05292424  0.        ]
nazist: [ 0.  0.  0.]
nebel: [-0.7429796  0.         0.       ]
neben: [ 0.          0.17118578  0.        ]
nehmen: [ 0.  0.  0.]
neid: [-1.03739822  0.          0.        ]
neigen: [ 0.7429796  0.         0.       ]
nennen: [ 0.          0.16550658  0.        ]
neo: [-0.3641583  0.         0.       ]
nerv: [ 0.         0.1153713  0.       ]
nessel: [-0.77739917  0.          0.        ]
netz: [ 0.  0.  0.]
neu: [ 0.14517699 -0.26891619  0.        ]
neuron: [ 0.  0.  0.]
neurose: [-0.89733702  0.          0.        ]
nicht: [-0.6351789   0.         -0.83716741]
nichts: [-0.72130717 -0.434675    0.        ]
niederlage: [-1.27800024  0.          0.        ]
niederlassen: [ 0.  0.  0.]
niederlegen: [ 0.  0.  0.]
niederschlag: [ 0.  0.  0.]
niere: [-0.17652083  0.02326707  0.        ]
nikotin: [ 0.  0.  0.]
nische: [ 0.  0.  0.]
niveau: [ 0.58952709  0.          0.        ]
normal: [ 0.29880327  0.          0.        ]
not: [-0.65877785  0.         -0.07746656]
note: [ 0.  0.  0.]
null: [ 0.  0.  0.]
nutz: [ 0.          0.26258851  0.        ]
nutzen: [ 0.61975543  0.46494172  0.        ]
oase: [ 0.77739917  0.          0.        ]
obdach: [ 0.  0.  0.]
ober: [ 0.21819554  0.          0.        ]
oberfläche: [ 0.  0.  0.]
obig: [ 0.02260297  0.          0.        ]
objekt: [ 0.  0.  0.]
obrigkeit: [-0.07536053  0.          0.        ]
ochse: [-0.20451831  0.          0.        ]
ofen: [-0.15281279  0.          0.        ]
offen: [ 0.29521439  0.          0.        ]
offensive: [-0.66106873  0.         -0.02658658]
offizier: [ 0.  0.  0.]
oh: [ 0.  0.  0.]
ohnmacht: [-0.92157554  0.          0.        ]
ohr: [-0.45867276  0.          0.        ]
oldtimer: [ 0.  0.  0.]
omni: [ 0.14477687  0.          0.        ]
opfer: [-0.7429796  0.         0.       ]
optik: [ 0.  0.  0.]
optimieren: [ 0.  0.  0.]
ordnen: [ 0.7429796  -0.19050678  0.        ]
organisieren: [ 0.1187587  0.         0.       ]
orientieren: [ 0.12000044  0.          0.        ]
original: [ 0.  0.  0.]
ort: [-0.3093428  0.         0.       ]
osten: [ 0.  0.  0.]
outfit: [ 0.  0.  0.]
packen: [ 0.  0.  0.]
palast: [ 0.00707611  0.          0.        ]
panik: [-0.9682867  0.         0.       ]
pantine: [ 0.  0.  0.]
pantoffel: [ 0.  0.  0.]
papier: [-0.01083888  0.          0.        ]
papp: [ 0.  0.  0.]
paradies: [ 0.77739917  0.          0.        ]
paranoia: [-0.92157554  0.          0.        ]
paranoid: [-0.92157554  0.          0.        ]
parasit: [-0.77739917  0.          0.        ]
partei: [-0.34823407  0.         -0.13404094]
partisan: [ 0.  0.  0.]
partner: [ 0.20451941  0.          0.        ]
patt: [-0.38869959  0.          0.        ]
pauke: [-0.58803894  0.          0.        ]
pause: [-0.85200058  0.62364395  0.        ]
pausen: [ 0.  0.  0.]
pelz: [ 0.  0.  0.]
periode: [-0.20451755  0.          0.        ]
peripher: [ 0.  0.  0.]
peritoneum: [ 0.  0.  0.]
person: [ 0.          0.          0.10232922]
personal: [-0.17141409  0.          0.        ]
personality: [-0.09649748  0.          0.        ]
perspektiv: [ 0.  0.  0.]
perspektive: [ 0.  0.  0.]
petersilie: [ 0.  0.  0.]
pfahl: [ 0.  0.  0.]
pfeiler: [ 0.23107081  0.          0.        ]
pflanze: [ 0.  0.  0.]
pflegen: [ 0.83370102  0.         -0.14042049]
pflicht: [-0.15975003  0.          0.16209097]
phantom: [ 0.  0.  0.]
phobie: [-0.92157554  0.          0.        ]
physio: [ 0.  0.  0.]
pietät: [ 0.77739917  0.          0.        ]
pilz: [-0.7611174  0.         0.       ]
pingpong: [ 0.  0.  0.]
plage: [-1.27800024  0.          0.        ]
plagen: [-0.89733702  0.          0.        ]
plan: [ 0.  0.  0.]
planen: [-0.63900012  0.          0.        ]
plappern: [-0.77739917  0.          0.        ]
platte: [-0.38513247  0.          0.        ]
platz: [-0.05087301  0.14497658  0.19671941]
plaudern: [ 0.  0.  0.]
plombe: [ 0.  0.  0.]
plus: [ 0.  0.  0.]
pocke: [-0.35075417  0.          0.        ]
poesie: [ 0.11898847  0.          0.        ]
pogrom: [-0.89733702  0.          0.        ]
pokal: [ 0.  0.  0.]
pol: [-0.56649231  0.          0.        ]
polieren: [ 0.95850018  0.          0.        ]
politik: [ 0.          0.          0.08105408]
polizei: [ 0.  0.  0.]
pollen: [ 0.  0.  0.]
polyp: [-0.89733702  0.          0.        ]
position: [ 0.  0.  0.]
post: [ 0.  0.  0.]
posten: [ 0.  0.  0.]
potent: [ 0.7240178   0.          0.13779978]
potenz: [ 0.  0.  0.]
potenzial: [ 0.          0.          0.08233726]
pott: [ 0.  0.  0.]
pracht: [ 0.76924357  0.          0.        ]
praxis: [ 0.78465682 -0.00198967  0.        ]
predigen: [ 0.          0.         -0.17052266]
preis: [ 0.57209425 -1.22840073 -0.05554811]
preisen: [ 0.89944495  0.          0.        ]
prellen: [-0.62813591  0.          0.        ]
presse: [ 0.          0.06078987  0.        ]
prestige: [ 1.27800024  0.          0.        ]
prinzip: [ 0.54196314  0.          0.        ]
probe: [ 0.          0.         -0.23252538]
probieren: [ 0.  0.  0.]
problem: [-1.03139041  0.          0.        ]
produkt: [ 0.          0.          0.13602365]
produzieren: [ 0.1235838  0.         0.       ]
profil: [ 0.  0.  0.]
programm: [ 0.32830995  0.          0.        ]
prozess: [ 0.  0.  0.]
prunk: [ 0.62813591  0.          0.        ]
prä: [-0.7696184  0.         0.       ]
prächtig: [ 0.88819279  0.          0.        ]
präferenz: [ 0.77739917  0.          0.        ]
präsent: [ 0.62813591  0.          0.        ]
präsident: [ 0.  0.  0.]
prüfen: [ 0.  0.  0.]
prügeln: [-0.7429796  0.         0.       ]
pseudo: [ 0.  0.  0.]
psyche: [-0.03020102  0.          0.        ]
publikum: [ 0.  0.  0.]
punkt: [ 0.          0.         -0.12399724]
putsch: [-0.89733702  0.          0.        ]
putzen: [ 0.  0.  0.]
puzzle: [ 0.  0.  0.]
qual: [-0.73146912  0.          0.        ]
qualifizieren: [ 0.  0.  0.]
qualität: [ 0.56547143  0.          0.        ]
quarz: [ 0.  0.  0.]
quetschen: [-0.62813591  0.          0.        ]
quick: [ 0.  0.  0.]
quietschen: [ 0.  0.  0.]
quote: [ 0.          0.          0.22172357]
quälen: [-1.16305781  0.          0.        ]
rache: [-1.24838396  0.          0.        ]
radikal: [-1.04489416  0.          0.        ]
raffen: [ 0.  0.  0.]
rahmen: [ 0.  0.  0.]
rakete: [ 0.  0.  0.]
rammen: [ 0.  0.  0.]
rand: [ 0.  0.  0.]
rang: [ 0.22984168  0.          0.        ]
rappeln: [ 0.  0.  0.]
rasse: [-0.35571219  0.          0.        ]
rast: [ 0.  0.  0.]
rat: [ 0.46336903  0.          0.        ]
rate: [ 0.          0.          0.22484355]
raten: [ 0.  0.  0.]
rau: [-0.62813591  0.          0.        ]
raub: [-0.66106873  0.          0.        ]
rauben: [ 0.         -0.37652915  0.        ]
rauch: [-0.76680014  0.          0.        ]
rauchen: [-0.20240237  0.          0.        ]
raum: [ 0.41929213  0.         -0.25550352]
rausch: [-0.21906899  0.          0.22920938]
rauschen: [ 0.  0.  0.]
raute: [ 0.  0.  0.]
reagieren: [ 0.          0.          0.09074553]
real: [ 0.44866851  0.          0.        ]
rechen: [ 0.  0.  0.]
rechenschaft: [-0.02874974  0.          0.        ]
rechnen: [ 0.  0.  0.]
recht: [ 0.30733076 -0.1722045   0.13246459]
rechts: [-0.27538283  0.          0.        ]
reden: [-0.87862516  0.61359924  0.00911422]
reduzieren: [ 0.17948016  0.          0.        ]
reflektieren: [ 0.62813591  0.         -0.13397201]
reflex: [-0.44866851  0.          0.        ]
reform: [ 0.62813591 -0.22876771 -0.44736812]
regel: [ 0.  0.  0.]
regeln: [ 0.21300047  0.         -0.03304738]
regen: [ 0.         0.         0.5410401]
regenerieren: [ 0.62813591  0.          0.        ]
regie: [ 0.        -0.1277095  0.       ]
regieren: [ 0.         -0.56359448  0.        ]
regress: [-0.77739917  0.          0.        ]
regulieren: [ 0.  0.  0.]
reha: [ 0.  0.  0.]
rehabilitieren: [ 0.66029258  0.          0.        ]
reiben: [-0.47925009  0.         -0.86690937]
reich: [ 0.72550442  3.07703963  0.        ]
reichen: [ 0.38340007  0.          0.        ]
reichtum: [ 0.77739917  0.         -0.45266444]
reif: [ 0.52309701  0.          0.25307607]
reife: [ 0.89733702  0.          0.2619021 ]
rein: [ 0.57595428  0.          0.        ]
reinigen: [ 0.25390845  0.          0.        ]
reisen: [ 0.10494113  0.          0.        ]
reiz: [ 0.77292449  0.          0.09432901]
reizen: [ 0.77739917  0.          0.        ]
reißen: [-0.63900012  0.          0.        ]
rekord: [ 0.  0.  0.]
religion: [ 0.  0.  0.]
rente: [ 0.38668534  0.          0.        ]
reparieren: [ 0.19661522  0.          0.        ]
reprimieren: [ 0.  0.  0.]
repräsentieren: [ 0.  0.  0.]
respekt: [ 0.71222422  0.          0.        ]
ressentiment: [-0.89733702  0.          0.        ]
rest: [-0.51632218  0.          0.        ]
retoure: [ 0.  0.  0.]
retten: [ 0.46336903  0.          0.        ]
reue: [-0.07810585  0.          0.        ]
rezept: [ 0.33994099  0.          0.        ]
rhythmus: [ 0.  0.  0.]
richten: [ 0.37584825  0.          0.        ]
richtig: [ 0.31555929  0.          0.        ]
riechen: [  0.00000000e+00   0.00000000e+00   3.02228684e-05]
riemen: [ 0.02250746  0.          0.        ]
riese: [ 0.  0.  0.]
rind: [-0.77739917  0.          0.        ]
ring: [ 0.  0.  0.]
rippe: [ 0.          0.08601215  0.        ]
risiko: [-1.27800024  0.         -0.12254513]
ritter: [ 0.71240082  0.          0.        ]
roden: [ 0.          0.          0.00020731]
roh: [-0.80878302  0.          0.        ]
rollen: [ 0.  0.  0.]
rose: [ 0.          0.          0.20631565]
ross: [-0.33973562  0.          0.        ]
rost: [ 0.  0.  0.]
rosten: [ 0.  0.  0.]
rot: [ 0.          0.         -0.10021567]
routine: [ 0.67451394  0.          0.        ]
rufen: [ 0.          0.          0.11209439]
ruhe: [ 0.75210518  0.          0.        ]
ruhm: [ 0.51120009 -0.00744739  0.        ]
rummel: [ 0.  0.  0.]
run: [ 0.  0.  0.]
runzel: [ 0.  0.  0.]
rute: [ 0.  0.  0.]
ränke: [-0.89733702  0.          0.        ]
räuchern: [-0.26599368  0.          0.        ]
rösten: [ 0.  0.  0.]
röten: [ 0.  0.  0.]
rück: [ 0.  0.  0.]
rücken: [ 0.  0.  0.]
rücksicht: [ 0.23195385  0.          0.        ]
rügen: [-0.92157554  0.          0.        ]
rühren: [ 0.73345935 -0.40807674  0.        ]
rüsten: [-0.7429796   0.16008929  0.        ]
sache: [ 0.         -0.20190195  0.        ]
sack: [ 0.  0.  0.]
saft: [ 0.1214879  0.         0.       ]
sagen: [-0.52307527  0.          0.        ]
salmonelle: [ 0.  0.  0.]
same: [ 0.         -0.34414701  0.        ]
samt: [ 0.  0.  0.]
sand: [ 0.  0.  0.]
sanieren: [ 0.75190633  0.          0.        ]
sanktion: [-0.89733702  0.          0.        ]
satt: [ 0.75120894  0.          0.        ]
sau: [ 0.          0.05226825  0.00469771]
sauber: [ 1.00112047  0.          0.        ]
saugen: [ 0.  0.  0.]
sausen: [ 0.  0.  0.]
schacht: [ 0.  0.  0.]
schaden: [-0.96843728  0.05454739  0.        ]
schaffen: [-0.52539996  0.          0.        ]
schale: [-0.45766322  0.          0.        ]
schall: [ 0.13762752  0.          0.        ]
schalten: [-0.92945507  0.          0.        ]
scham: [-1.04271449  0.          0.09969673]
schande: [-0.82945283  0.          0.        ]
schanze: [ 0.  0.  0.]
scharf: [ 0.41385352  0.          0.        ]
schatten: [-0.29492284  0.          0.        ]
schatz: [ 0.76274469 -0.13459523 -0.14772429]
schauder: [-0.62813591  0.          0.        ]
schauen: [ 0.  0.  0.]
schaufel: [ 0.  0.  0.]
schauspiel: [ 0.05155722  0.          0.        ]
scheibe: [ 0.  0.  0.]
scheide: [ 0.  0.  0.]
scheiden: [-0.70769684  0.          0.        ]
schein: [ 0.7429796  0.         0.       ]
scheiße: [ 0.  0.  0.]
schenkel: [ 0.  0.  0.]
scheu: [-0.68857753  0.          0.        ]
scheuchen: [ 0.  0.  0.]
schicksal: [-1.27800024  0.          0.        ]
schief: [-0.91285768  0.          0.        ]
schiene: [ 0.0907708  0.         0.       ]
schießen: [-1.11825021  0.          0.        ]
schiff: [-0.54681301  0.08977751  0.        ]
schild: [ 0.  0.  0.]
schimmer: [ 0.77739917  0.          0.        ]
schirm: [ 0.20451937  0.          0.        ]
schlacht: [-0.7429796  0.         0.       ]
schlafen: [ 0.  0.  0.]
schlaff: [-0.68430331  0.          0.        ]
schlagen: [-0.35784007 -0.48643073  0.24359478]
schlamm: [-0.63900012  0.          0.        ]
schlange: [ 0.          0.          0.01389332]
schlapp: [-0.33286282  0.          0.        ]
schlau: [ 0.8413238   0.          0.08108582]
schlecht: [-1.19644401  0.          0.        ]
schleim: [-0.77739917  0.71482963  0.        ]
schleuder: [ 0.  0.  0.]
schließen: [ 0.16288241  0.          0.21901955]
schlitz: [ 0.  0.  0.]
schloss: [-0.22161221  0.          0.        ]
schlucken: [ 0.  0.  0.]
schlüpfen: [ 0.20451881  0.          0.        ]
schlüssel: [ 0.29887153  0.          0.        ]
schlüssig: [ 0.70221915  0.          0.        ]
schmach: [-0.89733702  0.          0.        ]
schmal: [ 0.  0.  0.]
schmaus: [ 0.35075392  0.          0.        ]
schmecken: [ 0.47749412  0.          0.        ]
schmerz: [-0.66259076  0.          0.18684339]
schmettern: [ 0.  0.  0.]
schmiede: [ 0.  0.  0.]
schmieden: [-0.46169378  0.          0.        ]
schmieren: [ 0.  0.  0.]
schmollen: [-0.71070811  0.          0.        ]
schmuggel: [-0.66106873  0.          0.        ]
schmutz: [-0.60141158  0.          0.        ]
schmähen: [-0.89733702  0.          0.        ]
schnauben: [ 0.  0.  0.]
schnauze: [ 0.  0.  0.]
schneiden: [-0.51986494  0.          0.        ]
schnell: [ 0.5107119  0.         0.       ]
schnupfen: [-0.44866851  0.          0.        ]
schnörkel: [-0.7429796  0.         0.       ]
schock: [-0.76966887  0.          0.        ]
schonen: [ 0.44866851  0.          0.        ]
schorf: [-0.89733702  0.          0.        ]
schotter: [ 0.  0.  0.]
schranke: [-0.31754417  0.          0.        ]
schraube: [-0.04800674  0.          0.        ]
schreck: [-0.74315153  0.          0.        ]
schrecken: [-1.1169242  0.         0.       ]
schreiben: [ 0.          0.          0.08031693]
schreien: [-0.91476073  0.          0.        ]
schreiten: [ 0.20451937  0.          0.        ]
schräg: [ 0.  0.  0.]
schuh: [ 0.  0.  0.]
schuld: [-1.06150766  0.          0.        ]
schulden: [-0.62813591  0.          0.        ]
schuldner: [ 0.  0.  0.]
schule: [ 0.  0.  0.]
schulter: [ 0.  0.  0.]
schuppe: [ 0.  0.  0.]
schuster: [ 0.  0.  0.]
schwach: [-1.16778325  0.         -0.02674592]
schwall: [ 0.  0.  0.]
schwanger: [ 0.  0.  0.]
schwanken: [-0.34080049  0.54575497  0.        ]
schwanz: [-0.5848243  0.         0.       ]
schweigen: [ 0.  0.  0.]
schwein: [ 0.  0.  0.]
schwelen: [ 0.  0.  0.]
schwelle: [-0.54204418  0.         -0.062187  ]
schwer: [-0.49075617  0.04903556  0.        ]
schwierig: [-0.61521603  0.          0.        ]
schwimmen: [ 0.  0.  0.]
schwindel: [-0.89733702  0.          0.        ]
schwinden: [-0.77739917  0.          0.        ]
schwänzen: [-0.62813591  0.          0.        ]
schädel: [ 0.        0.        0.022297]
schädigen: [-0.89733702  0.          0.        ]
schädlich: [-1.55327211  0.          0.        ]
schätzen: [ 0.48945274  0.          0.        ]
schön: [ 0.61809251 -0.11005261  0.        ]
schürfen: [ 0.1716362  0.         0.       ]
schütteln: [-1.02240019  0.          0.        ]
schützen: [ 0.83258975  0.04136265 -0.31135239]
see: [ 0.  0.  0.]
seele: [ 0.33232773  0.          0.        ]
segen: [ 1.24344465 -0.13435062  0.        ]
sehen: [-0.59676349  0.          1.09347794]
sehne: [ 0.  0.  0.]
sehnsucht: [ 0.7429796  0.         0.       ]
sein: [-0.29723666  0.          0.18236961]
seite: [-0.15557623 -0.13902589  0.2099114 ]
selbst: [-0.26880481  1.29620251 -1.08361104]
selbstmord: [-0.92157554  0.          0.        ]
selig: [ 1.1169242   2.82484028 -0.0662409 ]
senden: [ 0.  0.  0.]
senken: [-1.27800024  0.         -0.80541466]
sensation: [ 0.  0.  0.]
sesshaft: [ 0.  0.  0.]
setzen: [ 0.  0.  0.]
seuche: [-0.89733702  0.          0.        ]
sex: [-0.20374719  0.          0.        ]
sich: [ 0.  0.  0.]
sicher: [ 0.7917508   0.         -0.47644364]
sichern: [ 0.46415398  0.         -0.36712316]
sieben: [ 0.  0.  0.]
sieg: [ 0.77739917 -0.01164099  0.        ]
siegen: [ 0.7429796  0.         0.       ]
signal: [ 0.          0.          0.35838103]
silbe: [ 0.  0.  0.]
silber: [ 0.24633358  0.          0.        ]
sinn: [ 0.38974094  0.55938021  0.05830498]
sinnen: [ 0.  0.  0.]
sitte: [ 0.17325386  0.          0.        ]
situation: [ 0.  0.  0.]
situieren: [ 0.  0.  0.]
sitz: [ 0.  0.  0.]
sitzen: [ 0.  0.  0.]
skandal: [-1.07558378  0.          0.        ]
sklave: [ 0.          0.         -0.77279001]
sklera: [ 0.  0.  0.]
skorpion: [-0.30345739  0.          0.        ]
skrupel: [-0.77739917  0.          0.26774458]
societas: [-0.53342618  0.          0.        ]
solid: [ 0.46336903  0.          0.        ]
solidarisch: [ 0.66029258  0.          0.        ]
sollen: [ 0.         -0.03795806  0.        ]
sommer: [ 0.15086758  0.         -0.24414371]
sonne: [ 0.38819792  0.          0.        ]
sorgen: [-0.50790118  0.          0.        ]
sorgfalt: [ 1.27800024 -0.79409034  0.        ]
sorte: [ 0.  0.  0.]
spalten: [-0.7429796  0.         0.       ]
span: [ 0.  0.  0.]
spannen: [-0.27385756  0.15089329  0.        ]
sparen: [ 0.          0.52200678  0.        ]
speck: [-0.38903842  0.          0.        ]
spektakel: [ 0.62813591  0.          0.        ]
spenden: [ 0.18786084  0.          0.        ]
sperren: [ -8.99444946e-01  -5.20035740e-02  -1.31670309e-05]
spiegeln: [-0.22161221  0.          0.        ]
spielen: [-0.52882755  0.37368978  0.10957155]
spieß: [ 0.  0.  0.]
spindel: [ 0.  0.  0.]
spinne: [ 0.  0.  0.]
spionieren: [-0.89733702  0.          0.        ]
spitz: [ 0.15299133  0.          0.        ]
spitze: [ 0.86131603  0.          0.        ]
sport: [ 0.0572039  0.         0.       ]
spott: [-0.96445898  0.          0.        ]
sprache: [ 0.  0.  0.]
sprechen: [ 0.         0.        -0.0116368]
sprengen: [-0.19784888  0.          0.        ]
springen: [-0.63900012  0.          0.        ]
spule: [ 0.          0.         -0.09041965]
spur: [-0.79875015  0.         -0.02143867]
sputtern: [ 0.  0.  0.]
spät: [-0.66389684  0.          0.        ]
spüren: [ 0.  0.  0.]
staat: [ 0.61078399 -0.03183758 -0.20777927]
stab: [ 0.         0.        -0.7762476]
stabil: [ 0.62314687  0.          0.        ]
stachel: [-0.77739917  0.          0.        ]
stadt: [ 0.  0.  0.]
stahl: [ 0.  0.  0.]
stall: [-0.20101781  0.          0.        ]
stamm: [-0.20451792  0.          0.        ]
stampfen: [ 0.  0.  0.]
stand: [ 0.42599965  0.          0.37926695]
stange: [ 0.  0.  0.]
stark: [ 0.16385368  0.09518426  0.1103614 ]
starr: [-0.63900012  0.          0.        ]
start: [ 0.  0.  0.]
station: [ 0.  0.  0.]
statt: [ 0.  0.  0.]
staub: [-0.68116404  0.          0.        ]
staunen: [ 0.77292449  0.          0.        ]
stechen: [-0.13087243  0.          0.57292564]
stehen: [-0.27730864  0.          0.        ]
steif: [-0.44866851  0.          0.        ]
steigern: [ 0.00873473  0.          0.22775797]
steil: [-0.63900012  0.          0.        ]
stein: [-0.1208297  -0.06592419  0.24191043]
stelle: [-0.29311831  0.          0.        ]
stellen: [ 0.01620125  0.          0.        ]
sterben: [-0.81697183  0.          0.        ]
stern: [ 0.28223868  0.          0.        ]
steuer: [-0.18791929 -0.03202589  0.        ]
steuern: [ 0.53955134  0.          0.14421307]
stichel: [ 0.  0.  0.]
stief: [ 0.  0.  0.]
stier: [-0.89733702  0.          0.        ]
stiften: [ 0.  0.  0.]
stil: [ 0.25013268  0.          0.        ]
stimme: [ 0.20876911  0.          0.        ]
stimmen: [ 0.53734159  0.          0.        ]
stinken: [-0.79114349 -0.20241149  0.        ]
stirn: [-0.42903211  0.          0.        ]
stock: [-0.58835268  0.          0.        ]
stoff: [-0.92133609  0.78290671  0.        ]
stoßen: [-0.18257128 -0.41500695 -0.25732895]
strafe: [-1.24344465  0.          0.        ]
strafen: [ -9.21575536e-01  -7.04952999e-04  -4.09736154e-02]
strahl: [ 0.08010529  0.          0.        ]
stramm: [-0.44866851  0.          0.        ]
strauch: [ 0.  0.  0.]
straße: [ 0.          0.24400693  0.        ]
streich: [-0.77739917  0.         -0.13035734]
streichen: [-0.42377286  0.          0.        ]
streifen: [-1.27800024  0.          0.        ]
streik: [-0.46414519  0.          0.        ]
streiten: [-0.86631654  0.          0.        ]
streng: [-0.6032942  0.         0.       ]
stress: [-0.46414519  0.          0.        ]
strick: [ 0.  0.  0.]
stroh: [ 0.  0.  0.]
strom: [ 0.11972848  0.          0.02825859]
strähne: [ 0.  0.  0.]
sträuben: [-0.79505508  0.          0.        ]
studie: [ 0.  0.  0.]
studium: [ 0.89733702  0.          0.        ]
stufe: [ 0.  0.  0.]
stuhl: [ 0.16753755  0.          0.        ]
stumm: [-0.62813591  0.         -0.01408063]
stumpf: [-0.7100007  0.         0.       ]
stups: [-0.77739917  0.          0.        ]
sturm: [-0.7429796   0.          0.57524168]
stutz: [ 0.  0.  0.]
stutzen: [-0.21394183  0.          0.        ]
ständig: [-0.85974526  0.          0.        ]
stören: [-0.37026223  0.         -0.37134968]
stück: [-0.04770951  0.          0.31368712]
stürzen: [-0.84802442  0.          0.        ]
stütze: [ 0.  0.  0.]
sucht: [-0.99646356  0.         -0.03578941]
suizid: [-0.89733702  0.          0.        ]
super: [ 1.00238559  0.          0.        ]
symmetrie: [-0.20451792  0.          0.        ]
sympathie: [ 0.66029258  0.          0.        ]
syndrom: [-0.77739917  0.          0.        ]
system: [ 0.52760563  0.          0.        ]
szene: [ 0.  0.  0.]
säugen: [ 0.  0.  0.]
süchtig: [-0.94373026  0.         -0.05954081]
sünde: [-0.79505508  0.          0.        ]
tabelle: [ 0.  0.  0.]
tablette: [ 0.  0.  0.]
tabu: [-0.92157554  0.          0.        ]
tadel: [-0.77292449  0.          0.        ]
tadeln: [-0.77324785 -0.27461438  0.        ]
tafel: [ 0.  0.  0.]
tag: [ 0.  0.  0.]
tagen: [ 0.  0.  0.]
takt: [ 0.50064184 -0.2798242   0.        ]
talent: [ 0.98161964  0.          0.        ]
tanz: [ 0.63900012  0.          0.25911558]
tasche: [-0.57790284  0.          0.        ]
taste: [ 0.20451936  0.          0.        ]
tat: [ 0.         -1.20752823  0.03035756]
tau: [-0.02260297  0.          0.        ]
taub: [-1.24344465  0.          0.        ]
tauglich: [ 0.46336903  0.         -0.08264176]
taumel: [ 0.         0.         0.0329234]
team: [ 0.38131313  0.          0.        ]
technik: [ 0.45799253  0.          0.        ]
teil: [ 0.02961152  0.          0.09471822]
teilnehmen: [ 0.  0.  0.]
temperament: [ 0.11900886  0.          0.        ]
temperatur: [-0.10940327  0.          0.        ]
tempo: [ 0.  0.  0.]
territorium: [ 0.  0.  0.]
terror: [-0.66106873  0.          0.        ]
teufel: [-0.99400047  0.          0.        ]
theater: [ 0.  0.  0.]
theorie: [ 0.  0.  0.]
therapie: [ 0.62813591  0.         -0.31572185]
these: [ 0.  0.  0.]
thrombus: [-0.45368323  0.          0.        ]
thron: [-0.25411042  0.          0.        ]
tief: [ 0.          0.          0.36921571]
tier: [ 0.         0.         0.0396731]
tisch: [ 0.  0.  0.]
titel: [ 0.  0.  0.]
toast: [ 0.  0.  0.]
tod: [ -7.24034089e-01  -7.83220033e-05  -3.70413498e-02]
toffee: [ 0.  0.  0.]
toll: [ 0.92808646  0.          0.        ]
ton: [-0.12235207  0.          0.        ]
top: [ 0.73339833  0.          0.        ]
topf: [ 0.  0.  0.]
tor: [ 0.  0.  0.]
tot: [-0.81969486  0.          0.        ]
toter: [-0.66381921  0.          0.        ]
tour: [ 0.  0.  0.]
tradition: [ 0.63900012 -0.0898708   0.        ]
tragen: [-0.46946955  0.77454797  0.        ]
tramp: [ 0.  0.  0.]
trampel: [ 0.  0.  0.]
translatieren: [ 0.  0.  0.]
tratschen: [-0.44866851  0.          0.        ]
trauer: [-0.66106873  0.          0.        ]
traum: [ 0.71887513  0.          0.        ]
trauma: [-0.66106873  0.          0.        ]
traurig: [-0.90880516  0.          0.        ]
treffen: [ 0.  0.  0.]
treiben: [-0.28399977  0.03441812  0.        ]
trend: [ 0.  0.  0.]
trennen: [-0.86975909  0.          0.        ]
treten: [ 0.20724307  0.          0.        ]
treu: [ 0.75738574  0.         -0.33737451]
trichter: [ 0.  0.  0.]
trick: [-0.63900012 -0.08725897  0.        ]
trinken: [ 0.  0.  0.]
triumph: [ 0.78811827  0.          0.        ]
trocken: [ 0.  0.  0.]
trommel: [ 0.01429973  0.          0.        ]
tropfen: [ 0.  0.  0.]
trost: [ 0.74763059 -0.01063045  0.        ]
trotz: [-0.76203703  0.          0.        ]
trug: [-0.89733702  0.          0.        ]
trunk: [ 0.  0.  0.]
trunken: [-0.92157554  0.          0.809465  ]
truppe: [ 0.42415525  0.         -0.07135347]
trächtig: [ 0.17438887  0.          0.02684407]
träumen: [-0.20452214  0.          0.        ]
trüb: [-0.52816565 -0.01069486 -0.02585522]
tuberculum: [ 0.  0.  0.]
tumor: [-0.89733702  0.          0.        ]
tumult: [-0.92157554  0.          0.        ]
tun: [ 0.  0.  0.]
tupf: [ 0.20451822  0.          0.        ]
tyrann: [-0.77739917  0.          0.        ]
täter: [ 0.  0.  0.]
tätig: [ 0.          0.          0.17230702]
täuschen: [-1.07821589  0.          0.        ]
tönen: [-0.3965979  0.         0.       ]
töten: [-1.04372265  0.          0.        ]
tüchtig: [ 0.79505508  0.          0.        ]
ufer: [ 0.  0.  0.]
umlegen: [ 0.  0.  0.]
umranken: [ 0.  0.  0.]
umschalen: [ 0.  0.  0.]
umsetzen: [ 0.  0.  0.]
umweben: [ 0.35711894  0.          0.        ]
umwelt: [ 0.          0.03973431  0.34413929]
unabhängig: [ 0.32213444  0.34409807 -0.19227234]
unbuße: [-0.75902165  0.          0.        ]
uneigen: [ 0.  0.  0.]
unfall: [-1.27800024  0.          0.        ]
unfähig: [-1.31499684  0.          0.        ]
unglauben: [-0.2283309  -0.55256112  0.        ]
ungleich: [-0.63900012  0.          0.        ]
unglück: [-1.03314327  0.          0.        ]
unheil: [-0.89733702  0.          0.        ]
uni: [ 0.  0.  0.]
unlust: [-0.79505508  0.          0.        ]
unrein: [-0.79505508  0.          0.        ]
unruhe: [-0.78494226  0.          0.        ]
unsache: [-0.50450524  0.          0.        ]
unsicher: [-0.93541504  0.          0.        ]
untauglich: [-1.37650609  0.          0.        ]
unter: [-0.59175884  0.          0.        ]
unterbrechen: [-0.26973782  0.          0.        ]
untergehen: [-0.94586665  0.          0.        ]
unterhalten: [  4.48668509e-01  -1.78681831e-04   0.00000000e+00]
unterlassen: [ 0.  0.  0.]
unterliegen: [-0.8832145  0.         0.       ]
unternehmen: [ 0.07949993  0.00586891  0.        ]
unternehmensteuer: [ 0.  0.  0.]
unterrichten: [ 0.  0.  0.]
unterscheiden: [-0.31950006  0.          0.        ]
untersuchen: [ 0.  0.  0.]
untüchtig: [-0.62813591  0.          0.        ]
unwert: [-0.77739917  0.          0.        ]
unwille: [-0.62813591  0.         -0.29410383]
unwirksam: [-1.27800024  0.          0.        ]
unwohl: [ 0.  0.  0.]
unwürdig: [-1.06681096  0.          0.        ]
unzurechnen: [ 0.         -0.56178939  0.        ]
unzweck: [ 0.  0.  0.]
unzwei: [ 0.  0.  0.]
urkunde: [ 0.  0.  0.]
urlaub: [ 0.          0.         -0.04486306]
ursache: [-0.4822563  0.         0.       ]
urteil: [ 0.29492284  0.          0.        ]
variante: [ 0.  0.  0.]
vater: [ 0.  0.  0.]
vegetieren: [-0.89733702  0.          0.        ]
verabscheuen: [-0.92157554 -0.23288784  0.        ]
verachten: [-0.71264952 -0.16804892  0.        ]
veranstalten: [ 0.11790152  0.          0.        ]
verantworten: [-0.44866851  0.          0.59989138]
verantwortlich: [ 0.66133702 -0.00090634  0.        ]
verbessern: [ 0.3453197   0.         -0.07181494]
verbieten: [-1.26666159  0.          0.        ]
verbinden: [ 0.35484949  0.          0.        ]
verbrechen: [-0.89733702  0.          0.        ]
verbreiten: [-0.39279388  0.          0.        ]
verbrennen: [-0.62813591  0.          0.        ]
verdacht: [-0.63900012  0.32451327  0.        ]
verdammen: [-0.78298143 -0.12624861  0.        ]
verdauen: [-0.62813591  0.          0.        ]
verderben: [-1.06305875  0.          0.        ]
verdienen: [ 0.29667881  0.          0.        ]
verdrießen: [-0.92157554  0.          0.        ]
verehren: [ 0.78811827 -0.04778924  0.        ]
verein: [ 0.  0.  0.]
vereinbaren: [ 0.28766  0.       0.     ]
vereinigen: [ 0.  0.  0.]
vereitern: [ 0.  0.  0.]
verfahren: [ 0.  0.  0.]
verfassen: [ 0.14601673  0.13261372  0.        ]
verfestigen: [ 0.  0.  0.]
verfolgen: [-0.50064184  0.          0.        ]
verfügen: [ 0.         -0.2257323  -0.56553543]
vergangenheit: [-0.63900012  0.35406474  0.        ]
vergelten: [-0.66106873  0.          0.        ]
vergessen: [-0.62813591  0.          0.        ]
vergießen: [-0.89733702  0.          0.        ]
vergiften: [-0.82253706  0.          0.        ]
vergnügen: [ 0.72987602  0.          0.        ]
verhalten: [ 0.         0.         0.0591215]
verhandeln: [ 0.33013867  0.         -0.31678659]
verheißen: [ 0.62813591  0.          0.        ]
verhetzen: [-0.36416629  0.          0.        ]
verhältnis: [ 0.          0.         -0.06240061]
verhängnis: [-0.77739917  0.          0.        ]
verhüten: [ 0.04331495  0.          0.        ]
verjüngen: [ 0.  0.  0.]
verkalken: [ 0.  0.  0.]
verkehr: [ 0.         -0.31823833  0.        ]
verkleiden: [ 0.  0.  0.]
verkrümmen: [ 0.  0.  0.]
verlegen: [-0.21300047  0.          0.        ]
verletzen: [-1.00713565  0.          0.        ]
verlieben: [ 0.89733702  0.          0.        ]
verlieren: [-0.83579714 -0.19435339 -0.21771299]
verlies: [-0.20451863  0.          0.        ]
verlängern: [ 0.0812136  0.         0.       ]
vermehren: [-0.29114762  0.          0.        ]
vermögen: [ 0.62813591  0.08917195 -0.24620328]
verneinen: [-0.44866851  0.          0.        ]
vernichtung: [-1.04558528  0.          0.        ]
vernunft: [ 0.78811827  0.          0.        ]
verrat: [-0.78854357  0.          0.        ]
versagen: [-0.89733702  0.          0.        ]
verschieden: [ 0.  0.  0.]
verschließen: [-0.62813591  0.          0.        ]
verschmutzen: [-0.29765744  0.          0.        ]
versichern: [ 0.66029258  0.         -0.02189991]
versorgen: [ 0.57709637  0.1047519  -0.02389744]
verspannen: [-0.01635345  0.          0.        ]
versprechen: [ 0.62813591  0.          0.        ]
verstand: [ 0.43761768  0.          0.        ]
verstecken: [-0.42599965  0.          0.        ]
verstehen: [ 0.27782575  0.43436469  0.        ]
verständnis: [-0.7429796   0.          0.01745077]
verstärken: [ 0.  0.  0.]
verstümmeln: [-0.89733702  0.          0.        ]
versuchen: [-0.70738179  0.          0.        ]
verteidigen: [-0.17239482  0.28669081 -0.1088178 ]
verteilen: [ 0.          0.23655259  0.        ]
vertrag: [ 0.  0.  0.]
vertragen: [ 0.62813591  0.          0.        ]
vertrauen: [ 0.9538245  -0.52752008  0.18401423]
verwalten: [ 0.  0.  0.]
verwandt: [ 0.22620408  0.          0.        ]
verweigern: [-0.89733702  0.          0.        ]
verweisen: [-0.79285284  0.          0.        ]
verwinden: [ 0.  0.  0.]
verwirren: [-0.79231619  0.          0.        ]
verwunden: [-0.95536816  0.          0.        ]
verwöhnen: [ 1.00286681  0.          0.        ]
verzerren: [-0.20451793  0.          0.        ]
verzinsen: [ 0.  0.  0.]
verzweifeln: [-0.66106873  0.          0.        ]
verändern: [ 0.32616664  0.          0.        ]
vetter: [-0.25503966  0.          0.        ]
viel: [ 0.385234    0.         -0.55526323]
vielfalt: [ 0.36999943  0.          0.        ]
virus: [ 0.  0.  0.]
vogel: [-0.47353414 -0.75069467  0.        ]
vokal: [ 0.  0.  0.]
volk: [ 0.        0.        0.036704]
voll: [ 0.          0.30888803  0.22377708]
vollenden: [ 0.15889967  0.          0.        ]
vollziehen: [ 0.  0.  0.]
vorbehalt: [-0.54256097  0.          0.        ]
vorbild: [ 0.14112012  0.          0.        ]
vorder: [ 0.  0.  0.]
vorfallen: [ 0.  0.  0.]
vorhang: [ 0.  0.  0.]
vormacht: [ 0.07810585  0.          0.        ]
vorrat: [ 0.  0.  0.]
vorrichten: [ 0.  0.  0.]
vorschlagen: [ 0.7429796   0.         -0.60509379]
vorschreiben: [-0.62813591 -0.71440799  0.        ]
vorsehen: [ 0.18257128  0.          0.        ]
vorsorgen: [ 0.74159454  0.         -0.26867639]
vorspannen: [ 0.  0.  0.]
vorspülen: [ 0.  0.  0.]
vorstehen: [ 0.  0.  0.]
vorstellen: [ 0.          0.          0.07013594]
vorteil: [ 0.64903563  0.          0.        ]
vortrag: [ 0.  0.  0.]
vorurteil: [-0.97197177  0.          0.        ]
vorwerfen: [-0.97211178  0.          0.        ]
votum: [ 0.  0.  0.]
vulkan: [ 0.  0.  0.]
völle: [-0.28934744  0.          0.        ]
wach: [ 0.62813591  0.         -0.01179784]
wachen: [ 0.  0.  0.]
wachsen: [ 0.47728736  0.          0.        ]
waffe: [ 0.          0.         -0.00873893]
wagen: [-0.35712052  0.          0.        ]
wahn: [-0.92157554  0.         -0.09085439]
wahnsinn: [-0.40357842  0.          0.        ]
wahr: [ 0.76926227  0.          0.11770958]
wahrscheinlich: [ 0.  0.  0.]
waise: [-0.77739917  0.          0.        ]
wald: [ 0.  0.  0.]
wand: [ 0.  0.  0.]
wandeln: [ 0.  0.  0.]
wange: [ 0.18446432  0.          0.        ]
wanze: [ 0.  0.  0.]
warm: [ 0.52163241  0.          0.21222156]
warnen: [-0.62813591  0.          0.        ]
waschen: [ 0.         0.         0.2424092]
wasser: [ 0.  0.  0.]
weben: [ 0.  0.  0.]
wechseln: [ 0.          0.          0.00811693]
weg: [ 0.28248533  0.          0.        ]
weh: [-1.00894796  0.          0.        ]
wehr: [ 0.  0.  0.]
weib: [ 0.  0.  0.]
weiche: [ 0.  0.  0.]
weid: [ 0.  0.  0.]
weiden: [-0.77739917  0.          0.        ]
weile: [ 0.  0.  0.]
wein: [ 0.  0.  0.]
weinen: [-0.79786935  0.          0.        ]
weise: [ 0.72927801  0.          0.        ]
weisen: [-0.83070015  0.          1.76980598]
weit: [ 0.19194286  0.          0.        ]
welle: [ 0.  0.  0.]
wellness: [ 0.89733702  0.          0.        ]
welt: [ 0.12071418  0.          0.        ]
wenden: [ 0.25560005  0.         -0.74658355]
werden: [ 0.  0.  0.]
werfen: [ 0.  0.  0.]
werk: [-0.43548546  0.          0.15240762]
wermut: [ 0.  0.  0.]
wert: [ 0.49153806  1.28801307  0.04713431]
wesen: [ 0.  0.  0.]
weste: [ 0.  0.  0.]
wettbewerb: [ 0.  0.  0.]
wetten: [ 0.          0.33452157  0.        ]
wetter: [ 0.  0.  0.]
widersprechen: [-0.80293568  0.          0.        ]
widerstehen: [ 0.89733702  0.         -1.01417951]
widrig: [-0.68063702  0.12993004 -0.27590625]
wiegen: [ 0.  0.  0.]
wild: [-0.68857753  0.          0.        ]
wille: [ 0.42599965  0.71005064 -0.00634263]
willkür: [-0.89733702  0.          0.        ]
wind: [ 0.  0.  0.]
winkel: [ 0.  0.  0.]
wirken: [ 0.36117437  0.          0.08113079]
wirklich: [ 0.  0.  0.]
wirksam: [ 0.66133702  0.          0.        ]
wirren: [-0.89733702  0.          0.        ]
wirtschaft: [ 0.12719158  0.          0.2461183 ]
wischen: [-0.22604589  0.          0.        ]
wissen: [ 0.56167335  0.11315885 -1.3481027 ]
witz: [ 0.66029258  0.          0.        ]
woche: [ 0.19474655  0.          0.        ]
wohl: [ 0.42733218  0.         -0.51211487]
wohlstand: [ 0.78811827  0.          0.        ]
wohnen: [ 0.47925009  0.          0.        ]
wolf: [ 0.  0.  0.]
wolke: [-0.69276072 -0.20024976  0.        ]
wonne: [ 0.89733702  0.          0.        ]
wort: [-0.55574185  0.02337106  0.        ]
wrack: [ 0.  0.  0.]
wrange: [ 0.  0.  0.]
wund: [-0.89733702  0.          0.        ]
wunde: [-0.89063828  0.64979991  0.        ]
wunder: [ 0.28399977  0.          0.        ]
wut: [-1.03723873  0.          0.        ]
wählen: [ 0.          0.          0.02558253]
währen: [ 0.16255286  0.          0.        ]
währung: [ 0.  0.  0.]
wünschen: [ 0.21086742  0.         -0.23445215]
würde: [ 0.42599965  0.          0.        ]
würdig: [ 0.73412407  1.29165826  0.        ]
zahl: [ 0.223904  0.        0.      ]
zahlen: [ 0.  0.  0.]
zahn: [-0.41989506  0.21291505  0.        ]
zank: [-0.79505508  0.          0.        ]
zart: [ 0.8430212  0.         0.       ]
zauber: [ 1.27800024  0.          0.        ]
zaudern: [-0.33286282  0.          0.        ]
zecke: [-0.30345739  0.          0.        ]
zeichen: [-0.29852886  0.         -0.49511471]
zeit: [ 0.          0.          0.04287362]
zelle: [ 0.  0.  0.]
zensur: [-0.99287385  0.          0.        ]
zentrum: [-0.15613981  0.         -0.08268728]
zerreißen: [-0.72391641  0.         -0.05577237]
zerren: [-0.2376416  0.         0.       ]
zerstören: [-0.65061374  0.          0.        ]
zetern: [-0.89733702  0.          0.        ]
zettel: [ 0.  0.  0.]
zeug: [ 0.  0.  0.]
zeuge: [ 0.  0.  0.]
zeugen: [ 0.        -0.0300573  0.       ]
ziehen: [-0.62540475  0.          0.        ]
ziel: [ 0.22880821  0.          0.        ]
ziffer: [ 0.  0.  0.]
zigarette: [ 0.  0.  0.]
zimmer: [ 0.  0.  0.]
zins: [ 0.14526745  0.          0.        ]
zitrone: [ 0.  0.  0.]
zivil: [-0.77739917  0.          0.        ]
zoll: [-0.16475611  0.          0.        ]
zorn: [-1.24854345  0.          0.        ]
zucken: [-0.63900012  0.          0.        ]
zucker: [ 0.  0.  0.]
zuflucht: [ 0.  0.  0.]
zufrieden: [ 0.90907204 -0.01788256  0.        ]
zugeben: [ 0.33208667  0.          0.        ]
zugehörig: [ 0.  0.  0.]
zukunft: [ 0.43260732  0.          0.        ]
zulässig: [ 0.  0.  0.]
zunge: [-0.65236399  0.          0.        ]
zurechnen: [ 0.  0.  0.]
zurückgehen: [-0.63454266  0.          0.        ]
zurückstehen: [ 0.  0.  0.]
zusammenbrechen: [-0.97822398  0.          0.        ]
zusammengehörig: [ 0.  0.  0.]
zusammenhängen: [ 0.95850018  0.          0.        ]
zuschlagen: [ 0.  0.  0.]
zusetzen: [-1.24344465  0.          0.        ]
zustand: [-0.01740125  0.          0.24651986]
zuständig: [ 0.  0.  0.]
zuversicht: [ 0.53002112  0.          0.        ]
zweck: [ 0.         -0.65686016  0.        ]
zwei: [ 0.  0.  0.]
zweifel: [-0.51714067  0.          0.        ]
zwerchfell: [ 0.  0.  0.]
zwerg: [ 0.  0.  0.]
zwicken: [ 0.  0.  0.]
zwingen: [-1.0064379   0.         -0.25236604]
zwinkern: [ 0.2045184  0.         0.       ]
zwischen: [ 0.  0.  0.]
zäh: [-1.1169242  0.         0.       ]
züchten: [ 0.  0.  0.]
zügel: [ 0.  0.  0.]
zünden: [-0.85200058  0.          0.        ]
ähnlich: [ 0.  0.  0.]
ätzen: [-1.27800024  0.          0.        ]
äußern: [ 0.  0.  0.]
ödem: [ 0.  0.  0.]
öl: [ 0.  0.  0.]
übel: [-1.01519174  0.          0.        ]
übereinstimmen: [ 0.  0.  0.]
überfallen: [-0.99180664  0.          0.        ]
übergehen: [-0.44866851  0.         -0.01811565]
überleben: [ 0.  0.  0.]
überlegen: [ 0.31950006  0.          0.        ]
übertragen: [ 0.  0.  0.]
übertreiben: [-0.57816654  0.          0.        ]
überzeugen: [ 0.78896494  0.          0.        ]
